2033303
2003303
2003030
233300
3032303
30323
3303032
2330303
2003330
3200030
230300
3020003
2300
3300020
30020
2030030
3023
33323
3200330
3200303
302003
3000203
330023
323
3000032
2330033
32
303332
3233000
320333
3030230
303032
2003003
2000300
320003
3332000
330320
2030000
3020330
3002003
3230300
20033
300233
3323
333302
200333
3203003
200003
3323000
3323300
3023003
20330
3230
2300030
323300
3000200
300023
2300333
3200333
320000
3302003
3030203
3000230
2030003
2303003
3230033
3230003
203300
20000
320033
2333
2300000
33203
3300320
302
2033
323003
3002030
303023
330002
3320303
3230330
3203000
230033
3020333
323000
323030
32000
3233030
3303020
3003023
330323
303320
3330032
30203
2003333
200000
3320030
3033200
3033230
3000023
3303002
2030333
3003002
3002033
200
3330230
3300203
3303023
300032
2330000
2000333
320030
3000020
3030020
3030002
2003300
3020
3033302
3032003
303323
3332003
2000003
233003
3320330
3023000
320330
320303
3302303
2333000
3300002
330233
320300
3032030
3000233
333203
33200
3033020
33023
203333
2300330
3020300
332300
32033
2303000
3030200
3033203
3330023
303020
3030302
332003
3332300
3332030
332303
3200
233
3030023
300323
3023033
2003
3330200
300203
2303330
2330330
2300003
2030303
233303
3320300
3023330
323303
2333300
30032
23000
3003200
3300023
203000
3203330
3003203
20
3303320
2300033
23003
20030
3002000
320
2033003
2030033
3203303
330200
3000302
2303303
203030
200300
3320033
3302033
300320
2000330
3233300
2303
3300230
3030320
2033300
2330003
203003
20300
3032033
3003320
2330030
3323030
3200003
332000
303230
33230
230
3003323
303002
2030330
3023300
23300
23033
3032300
203
303302
33332
2003000
332
332030
302030
32303
30233
3030323
3320
3333002
3230000
330332
2030
3303302
3002
302000
3203030
3002303
3003020
30023
300332
2030300
2033033
2003033
230303
200330
332330
3030233
333230
2033000
3033002
3302
30320
23
330020
3003302
3332
3233003
233030
3303200
300200
300020
3000002
30302
2333003
3320003
3023303
32003
3330203
230030
3200033
3032000
333320
2
3300332
2303030
233033
3000332
2000033
3320000
3003332
230003
3032330
3302030
203330
303203
30200
3203
3330320
330302
2330300
3303230
3003230
33032
302333
33320
3030032
3023030
23333
23303
332033
32030
333200
3033023
33020
2300303
3032
3030332
32300
3003233
33233
3033032
3002333
200033
20333
3302000
3000320
3000323
3330302
3203033
3020030
3303203
300002
30002
2033330
302033
2330
3300200
303233
3200300
3203300
200303
3020303
3020033
23330
2000
302330
3230030
3330002
2000303
3002330
302300
302303
3300323
333023
2300300
2033030
32333
333020
333002
333032
2303300
203303
200030
3002300
330230
303200
300230
30230
2000000
33002
330032
3233
3003032
33302
30332
3200000
2303033
3230303
230000
233000
230333
3323003
3300233
2333030
3300032
300302
330203
323330
3302300
32330
3033320
3300302
203033
323033
3330020
3020000
233330
230330
23030
20303
20003
3302330
3333200
2000030
3333020
