10022100
1002300
140100
102002010
140001
220101000
400000101
201100110
102000021
10311
210120
110010021
111100020
202000101
101020020
10112001
10100121
2310
1014
301101000
100011102
13010100
110130
10010040
210000030
11100000
101400000
20110020
101121
30000111
310100010
200111001
200100
10010301
1001022
2101110
3101010
32100
101101101
101000202
120110001
13100001
10210011
11100030
100001220
102101100
11201001
4002
12021
102010002
10111002
1010022
31000020
11121000
100014
13200
200220000
100030110
31002000
1100040
2000103
11101020
30021000
100400100
200102010
2001111
10002021
110003010
1000110
20002101
10012020
203000001
11110011
10200003
20110101
200100300
200021010
13001100
10032000
1011210
420000
102001110
4000110
10301100
40100001
110201001
210210000
111000111
4000011
4200000
2200200
310200
21
321000000
210300000
201110010
14000001
100112001
13010001
1200201
2110002
1000200
2040
200000112
131000100
2100000
111100200
100310100
111111
42000000
12000300
10011201
11001120
21111
33000000
212100000
103000011
21010002
200002002
120100200
110200110
1021101
23100
3011100
200001030
101000013
2021100
2110200
201002100
3100200
320100
300002100
300001002
120101100
1121001
1110012
100121100
1300002
20301000
20201100
210000000
300000003
103020000
2002110
10120200
20103000
101000103
20002002
110000013
2120001
201012
111210000
100221000
101000310
10201200
120003
100100301
2300100
30000030
1011300
1000410
102010110
101200002
20002200
1100100
2100102
112200000
101101110
4000200
1104000
101012010
2201001
111111000
200121000
11202000
110102010
3201
201210000
3
101031000
100040010
1200102
1112100
100220100
3010011
100120002
220002
40010001
1110003
11011011
1120101
1030101
30003
200000031
1111002
1201011
100131
100200201
12000021
302001000
112100010
110031000
110010120
30110010
24000
11022
20031
300100020
101220000
12030000
10020030
120120
10020021
1101111
11001201
11001102
11120010
102000
120100011
102010101
101102010
10103010
41001
10101030
100101
10010220
301010010
212000100
21100002
201010200
11000031
110000031
121001001
110130000
11103000
200040000
101101200
20012100
100100001
100022010
1110021
200001120
1221
303
200010
10001022
10101102
1013001
100004001
200031000
112010010
101010201
10000221
1110210
10100031
310000020
101110002
100011111
300000030
100200003
13200000
121100001
20003010
111012
102000111
100302000
40011000
3110100
1100211
20102001
203100000
300100110
110001210
1100010
1100004
12120
1010310
201001110
202002000
11002110
110102100
11011101
1320
12110001
20013000
210030
103101
200010021
301100100
111001110
300000
11031
400020
1120200
2010210
221100000
200000001
101001120
12210
2200002
200130
200100111
104010000
100102110
100010400
21000111
140000100
120210000
2010300
111101100
100300101
300001020
210001101
102101001
1001211
230010
211001100
100001211
11004000
101000301
10000212
20004000
2001201
10032
41000010
11002200
1001220
1203
20022000
120001020
400200
111300000
113001000
11010120
3010110
1010121
213
1011000
120001200
20030100
30210000
30012000
2001000
2310000
210010002
11031000
101011101
201020010
1113000
200010003
411000
1010202
30010011
221100
2000010
200110101
200020101
1200012
10011300
22101
21021
220110000
202000011
100000101
1040010
1020102
400110000
111000003
10110003
10020201
4101000
20111001
1130100
100000200
100000041
140010000
1200000
10000041
210200010
100110012
211001010
33000
210110001
100031100
100000311
30110001
100120011
3002010
201300000
203010000
301110
2010030
10200030
10100100
1102002
10020120
301010001
200001102
221000010
2111001
102000201
4011000
101000112
120020001
2120100
10000131
1004001
111020001
20010201
20100012
1020201
120011100
210101010
301000200
1200300
3011001
12001011
10002102
20010021
102003000
200010120
11220000
130011
2000031
300021000
311100
30100011
11010000
12020100
1211001
120111000
310000002
311000001
1101012
2100201
201100101
200000103
11000001
100220001
120300000
13110000
1030020
11000022
10100013
22011
30201
40001100
210110010
110010300
1102101
210021
110040000
1112010
110020110
201000210
10001211
102200010
10201011
10102011
300100011
200110020
121002000
100100121
3020010
1200021
20000400
302001
111010110
20040000
120002100
11200020
10000101
31100100
130010010
20000031
410100000
400020000
12001110
10102101
3102
204
100020102
32001
2012001
2211000
11010210
2031000
1202010
201111
100012011
100020111
4010100
110002011
10020003
10002120
13101
231
102101010
102110010
1211100
10011000
103020
10100001
100010004
20120001
111011100
201100002
20100030
10310001
12101010
10110300
10030101
120020100
20000130
103011000
200300010
112000002
130002
200220
102201
310101000
200001012
10021101
130002000
111010101
10011021
101010102
100210011
11100012
22010001
1140
120100101
101011011
30010110
113001
10011
1031001
211000101
200210100
11011200
101013
4101
10202001
11010111
102010020
11020101
110220000
1100022
2003100
101100111
200010300
121020000
11003001
30000120
11100
31101000
11300001
100100031
10110012
301001001
10001103
10003200
10210200
402000
130200
300111000
10140000
11120100
3011010
12000111
101300100
32000001
300002010
131000001
1000002
21012
21101001
210003000
210000300
100300020
10040010
11111100
10010100
1000311
230001
200010030
201200010
101020002
12011100
100110
12300
10010022
1001004
100311000
100000302
100000014
200000121
31000101
120110100
11301000
1032000
210030000
112110
300020010
10003002
2001120
10001202
100200
100104
210
120003000
201000300
3000003
11000130
21021000
210210
301000020
103000200
200011011
11011002
20020011
30020001
30000021
41010
2220000
112020000
12100110
12000
10022010
11020110
10002111
1001013
220010001
103010010
101010030
21000000
1012110
3110001
10140
13001010
2112000
2020020
1010031
202200000
21000300
121100010
20120100
312000000
11000211
10000113
210011001
20000001
200120010
112100001
104000100
2121000
2110101
10311000
101110110
200200011
100012200
20010102
3010101
1012020
21300000
112001010
110120100
103011
10100301
2001021
111201000
1221000
10021110
1000041
120000
1120110
201201
101110200
121001100
1010100
21210
2202
201000003
120120000
100021101
101000400
100410
400100010
100010103
110020101
1003002
10100202
2010120
4011
300000000
14100000
1300101
100401
30102
21001101
210010020
1011030
1003110
110101011
110011002
101000130
20000103
311010000
204000000
111110001
201102
4020
11400000
100200030
2130000
100021020
1002012
400001100
101100030
22020000
100020021
141000000
4002000
30000012
4110
111000210
130010001
211101
100041
130200000
100200111
100010211
100210002
1201200
120
100004100
20000310
11210001
11200011
130020
3030000
201021000
102010011
2000100
100101111
121010100
2300001
101011020
10130001
10102002
103000101
200030100
10112010
12001200
200020002
121001010
31000011
100201110
200300001
11111001
101011002
213000000
210111000
202101000
401010
110103
1100103
100110102
20400
112010100
40101000
10002300
10200021
100201011
102111
102300000
14010000
110020011
410100
10400100
1400001
400010100
201020100
100111011
20000013
100012002
100002102
20022
100010100
100011201
120101010
121000110
101000022
2010021
0
231000000
400000200
201020001
110003100
110001102
110000004
30020100
4110000
11021100
10200000
2210001
1100121
101200011
30011010
20020200
100001031
300001200
141
112000101
110030010
2021010
111110100
30
12201000
100001400
112010001
100102002
101220
110301
400200000
220000020
22200000
2011002
101211000
1000023
1120020
2000130
21300
12002100
211010100
101301000
10102110
2010201
11220
10001004
32000100
21010200
120020010
41100
110110101
101002110
140000010
110200101
110001030
101000040
20021100
200002200
100002111
100000203
210012
21010101
2101002
220011
101100210
2020101
101002002
101000220
110001012
100120110
200040
21002100
1103100
10110021
11010021
202110000
111100101
220001001
121002
2001
11130
110022000
11000112
11101110
111100002
10200120
101000121
1120011
101004
10020102
20100111
13101000
2011110
200103000
101210010
3001020
210021000
1000122
101012001
302010
310000110
200110002
13000110
200102001
41100000
1110
210010011
120010011
120300
111120
1100301
10100004
110001000
10004010
30100020
2101101
10012002
10030020
11100201
102000300
100112100
330
200111100
22000110
104000010
30110100
20000040
120030000
130000110
200130000
20040
10301001
101001003
101003100
110000112
2020011
401001
111021000
210020100
110112000
10002012
100101021
12003
200200110
100001010
110001111
20010000
121200
2400
11202
310000101
211000200
3000030
10013100
10003011
10000200
1210101
101110101
100001130
110200011
11001012
2002011
10012101
101200020
220000101
200202000
22000011
21101010
10100022
3111000
100041000
200030010
20310000
20112000
210102
104001000
12010011
10111020
20000220
110100000
201003000
12120000
110301000
101111001
20031000
2101020
103010100
100031010
221001000
3010020
10302
200022
1131000
101010120
1210110
102012000
11102100
110111001
23001
20112
101010000
12110100
10221000
402
10200102
101030100
1030011
11020011
100130100
212010000
100110003
40020000
102100101
202110
2000040
210010101
11000400
110010
10004001
111120000
310100100
102100011
10120110
101100201
10410
201120
33
1001040
30101100
30010200
110102001
22002000
212000001
1002030
100010130
201200100
10111200
30000201
200201001
400011000
130001010
300001011
10110120
10022001
20011011
102120
201100011
100230000
111000021
1000011
10100130
11121
100011012
100001202
11100111
102000030
13020000
11000013
20101011
20101020
240000
1022001
31000110
41000001
10040100
111000201
220010010
20300100
400011
103110
330000000
411
110021010
132
100400010
11102001
10200210
400000011
300110010
20000112
100301100
101030010
100010001
20100
10021020
10010001
11101200
210000210
3001200
11013
102000003
201000012
121020
11110200
11001003
10001013
1000212
210111
30000000
123000000
100111002
230100
40200
202101
10001310
40100100
2000211
2000220
310020
101112000
200002110
2220
200301
20220
12012
12002001
2010012
103001100
11200002
220020
1000221
320000010
122100000
11111010
10011102
3200100
121200000
100111110
400001001
1002120
20000004
110040
100001301
111101010
222
10101000
1101
211000110
2111100
110011110
100012020
100200120
302000010
200201010
410001
11110002
1004100
300003
21020100
2100
1201101
100301001
300201000
101002200
110000103
201000120
1021002
3210
321
212001000
21201000
20100300
1023000
1004010
20002011
3100011
13011
100030002
1200003
11101011
21001011
100320
110021001
10031001
21200001
100210110
1100130
11012010
1000302
130100010
10211001
104010
131100000
211110000
110110011
101040
12000012
101010003
300000102
10200300
2000202
10010013
100200000
201002001
10120020
102002100
1011021
110022
100200102
11012001
10210101
211002
100023
200100021
100002
102001011
102011100
13000101
1020030
10220100
110012001
311001000
20111010
21011010
10011111
101100012
102000210
121011
100000221
13000020
1301100
10021200
10001112
120000201
131010
21000012
130010100
12111000
11010300
10310010
120200001
10201101
10100103
240
210010110
10200111
10000023
111200001
20000100
122010
12011001
10010310
230001000
114000000
1110030
20010120
11100120
31200
200100000
301100010
100001103
110012100
210000012
30100002
202000110
102201000
101012100
104100
220200
12001002
111100011
203000100
13100010
20001111
10101210
1100202
20121
301000011
110310000
1003101
200121
211010010
2004000
110013
101202000
210101001
201
113100000
200004000
202100100
20211
10040001
110001300
110011101
201001011
120001002
30000102
10120002
21030
11010012
113010000
10201110
10014000
10020012
110201010
30011001
30020010
3001101
1010004
220020000
100104000
112000011
302100
4200
221000100
11201010
10122000
20121000
21012000
200001021
100001112
122000100
200000202
110210100
110000301
31010001
30010002
310110000
100200300
111000
101031
20002110
2002200
11112
2010003
201002010
11010102
100211010
10221
400000110
110100030
2040000
203001
123000
210000003
210100200
11200200
1001103
1101201
22002
20200200
4001001
1001001
301011000
200020200
111010020
100120020
3110010
203100
21001200
1111101
20001102
100120200
2120010
100011210
210200001
202001001
1101210
22110
101202
11112000
110101002
1002000
310010001
11210100
110010210
23000010
2201010
100030200
200000211
10111110
312000
100002021
11030010
21010020
1110201
1040001
202200
11100003
3030
13000200
300102
31001001
200102100
22000020
112002
102110001
1002003
10400001
200100102
100100310
130020000
211000020
100300011
100110111
1041000
1111011
20202000
1102200
320010000
120001110
100110000
101001111
11101002
1020003
10000410
110310
211101000
221000001
22100010
2013
23001000
10041
200112
1200
301000002
21100101
30201000
100020201
10401
30111000
200003001
1000113
110110002
101002020
30100200
20011200
102000012
211000002
3000000
113000010
10230
10002
2000013
300020001
2400000
211010001
12030
301010100
10100400
2300010
31011
21000201
4000020
110001003
2200011
200020110
30000003
3000111
100101030
2110011
101201010
10400010
1023
310000200
100101003
20101110
40101
303000
31011000
1100112
11100102
2001003
1021020
1010301
42
200000013
1011120
1210020
12011010
1102110
1000014
300200100
100014000
12100020
21010110
20010111
201010011
104000001
111001101
212100
112101
102021
211100001
100012110
22110000
30120
110210001
101102001
1122
1100310
40020
2010
131010000
111002100
20012010
40000200
10000011
121010010
3000102
42000
110111100
200012010
111
3021
10001220
231000
400002000
20111100
1020300
10320000
11001000
1031010
120002001
320010
201111000
301000110
112100100
202011
1211010
13001001
1002021
200001201
10010211
1000230
302100000
100002120
111000120
11110020
100302
4000101
120021000
20000022
3020001
300201
101100300
201000111
100401000
1310010
100001004
24
21001020
200001000
11001300
101101002
10202010
100020120
12111
1002111
120001011
2201100
12200001
101120001
1112001
2211
301000101
203001000
100000410
101003001
21010011
10020
2100021
10010004
101103000
101111010
200000301
201200001
101004000
1410000
202100010
101300001
12003000
111010002
110010102
131100
112200
201101010
102000000
100003110
10103100
100310010
401000001
121101000
220110
10122
40010010
301200000
401001000
110202000
4001100
300021
11021001
130011000
211002000
21102000
101022000
11000202
21102
2100210
200200200
20130000
13000011
100210200
2002101
1200210
210001200
111001020
210000021
21100110
11002011
102000102
100110021
220000002
211020000
102110100
3100002
3012000
2000112
12201
210100002
100203000
20200020
11004
300110001
120010110
120111
3000012
14010
1012002
102120000
13011000
1111200
20300001
20030001
100011
100100004
100021002
200021100
1101030
1001400
2030100
1010040
22020
21000120
10010121
31001100
102020100
11002101
230000001
111030
210200100
3100110
10200
411000000
202010100
21110100
12000201
20210010
31000200
21120000
203010
1021200
10010130
100103100
301020
40001001
31110
112011000
12010110
11310000
1302000
12200010
420000000
201102000
22200
10011210
1003020
110000010
32001000
211200000
200200020
10111011
11000010
103100010
200210001
11103
110201100
110011011
10000401
20200002
2102100
3000201
10212
201011100
40000002
10004100
20000301
3020100
200011002
21100020
10003110
2020200
400101000
300010200
101001102
10113
230000010
200300100
110120001
100000140
200210010
11011020
10100010
10100040
310100001
300200010
200002101
2000400
20200110
1110102
100032
20200011
100031001
22010100
40200000
31020000
401100
100203
21002001
400100100
200020020
113000001
200100120
2001210
230000100
120201000
20011101
20020020
21200100
30021
2021001
201101100
100003011
101001000
100000131
14000100
101101020
101030001
20101101
120000003
101021100
3003
100103001
1100220
101010012
120100002
20300010
1102020
310002
110121
3111
40110000
31200000
2200020
10210002
2011011
110112
11130000
10111101
10001130
111200010
23000001
310101
21000021
200000100
22000002
111010200
200011200
100004010
100003020
1100400
110100102
220010100
210100020
300111
102001002
110020002
110031
40000011
2110110
31010010
20003001
100012101
103000002
300000201
121011000
111000102
301200
112001001
300002001
101210001
101120010
21001110
10041000
2210010
12101001
401000100
100000020
122010000
10104
100122000
100002000
3210000
200000010
4000002
11010003
100400001
1103010
132000000
201110100
11400
101100021
310110
110030001
101310
210201000
111003000
200000310
120200010
210300
1401
22000200
1030002
101000031
10030011
100011003
121000002
101200110
11020200
1002210
110002101
11000310
1000101
311000010
100011000
2010111
12000102
2200110
110211
100001022
110103000
112000110
100013010
200200002
101002101
11100210
200111010
201011010
201010101
110000220
30001101
100113
10203
1302
200101110
10101003
10003020
131001000
211011
2103
130000011
200001210
100000230
300000021
101100120
10200201
302010000
300102000
300011001
113010
400000002
112110000
10102200
20110002
102001200
2001030
1010010
301101
410000010
200020011
1230000
200031
23010
20002020
310011
30102000
20220000
20001003
211110
140010
211000011
11011110
110020020
20100021
10211010
10220001
11002020
1001121
10210110
10000302
102200100
1311
211011000
200100030
112000200
4100010
1010220
101100000
12300000
10211100
201000
100011021
110101200
32000010
30000210
210011100
3002001
101010021
30200010
2003010
300100200
300300
10001400
110010000
10000104
100100022
1020210
2301
120000300
101130000
200000400
21002010
101102100
21200010
100100013
32010
3012
10300200
201011001
310001010
130000101
100111020
201001200
101020110
11020020
30001020
1002102
200000040
2103000
210002100
1310100
200310
1001031
20021001
120021
220000110
21100011
10410000
200400
31101
201000000
101100003
1120002
1101120
200012001
13002
1230
30210
100101000
11211
20101002
10301010
11030100
10100112
2000301
13110
200010111
100001310
220100100
101400
10101201
101001210
20102010
210000
1000131
20110011
300000111
101010300
102011010
210001002
1001100
10000032
400101
100100040
300100002
102030000
100000212
4010010
200004
11001
110110020
3002100
100010112
100111200
100002210
210012000
110000100
1210011
100210101
11120001
101211
30001110
100023000
3000
100100202
10012011
2004
310200000
111000000
10201020
20001021
10011012
101201100
11001021
20021010
104100000
10023000
200202
1041
130000002
100410000
101130
100000122
30120000
120011001
200211000
101111100
300000012
210020001
101000010
1011012
300012
200011020
1101300
11030001
1410
2301000
4100001
3100020
1201020
201030000
200011110
400010001
10200012
200000022
101001012
30001011
131001
101010111
112001100
20011110
110012010
100100220
2031
220002000
100110300
1300110
24000000
31000002
12010002
101011200
1012200
311000100
210100101
100021110
40110
12102
11000220
201030
100101201
100032000
103200
100122
320000100
330000
100011030
40002000
102100200
110010030
101020011
100121001
111102000
100300110
112000020
100311
100021011
102012
2100120
20100102
210002010
211200
121110
12102000
111002010
10020300
10000020
20102100
300020100
300011010
400010010
1100031
110001
200001300
410010
3300
11000103
20013
10010010
300000300
100320000
100300002
20020110
20030010
20100210
130000200
32010000
11012100
2100300
201101001
10000203
10201002
101100
301020000
30030
120102000
120210
31002
21210000
10010103
110000040
11003010
201003
200110110
122100
31001010
110002200
20020101
111210
30010020
201300
3010200
2011200
102102
110300100
101020101
1000320
301011
210120000
101021010
1010130
1020111
100100211
111102
102020001
100310001
110400000
201010002
12100011
100013001
10023
1300020
11101101
10003101
100110210
2010102
320001000
300101010
202000200
2000004
21000
10014
10131
2100012
10010202
112101000
111110010
110300001
3000210
201210
111011001
1001010
100020
1001301
200010210
3001011
20103
1021110
10030200
100230
200021001
101120100
101300010
11001030
300101001
21201
1200120
200101002
111011010
110004000
10011030
110001120
320100000
30030000
201120000
200100012
100010013
10302000
11002002
20003100
30100110
210001020
21120
100100400
100103010
100140
111021
20100201
240000000
401010000
1401000
111001200
200400000
300100101
100000104
30101010
2000001
2000022
200002020
22000101
13000002
20101200
102200001
102001101
20001
220000200
220000011
200310000
11010
1003200
120011010
10101012
100001040
4100100
2130
400000020
210100011
200120100
13002000
2111010
101200200
210020010
13020
310001100
111000300
21000003
120000102
103100100
110000211
210002001
10000002
20010003
311010
100000110
110110200
111001011
120010002
320000001
410000001
114
202100001
210003
201021
204000
31010100
100211001
100130001
101001021
2200101
200100210
100110120
2030010
311100000
100001100
10002030
120000021
321000
1104
310010010
110030100
31100010
110011200
100110201
310011000
100111101
11102010
200101101
100013100
131000010
10121100
201000201
102111000
100300200
200012100
2003001
2112
20120010
10220010
120000012
100210020
200103
20001210
102011001
202020
14100
14001000
110101101
100202100
10021002
10010031
1301001
30300
40000101
1003011
11013000
1122000
201001101
100200210
101110011
111003
300000120
100010121
230010000
103200000
10300020
1100013
1022010
201100200
302000001
101210100
110000130
210000102
20201010
130101
100212
200000004
10101300
10010400
1012011
200001
3001002
2121
300001110
1020000
1102011
11201100
120101001
1110120
400100001
121000200
12021000
11021010
120000120
110220
200013
11301
222000000
100212000
101001300
11200101
110100201
10013010
100002300
10002210
110100210
1201110
101101011
120010101
100201101
410000100
210100110
41000100
1000203
3201000
1002
101121000
100020030
111200100
11010201
1210200
100102011
103010001
420
200110011
100001013
1011111
21000102
110000022
23010000
21003000
20100000
100030020
2100111
110010111
11001210
100100103
202000020
300010110
100020300
10101021
1101000
111001002
20010
1020021
100003002
102100002
210011010
1011102
30200001
100221
11310
401100000
401000010
100002003
10030002
10001010
10000230
20001012
10121010
1121100
200201100
110021100
112011
1020120
1013010
1110000
10131000
101112
130100001
301001100
300012000
120100020
100000320
12010200
10300011
10020000
1010013
410010000
200013000
200002011
10001031
41010000
202010001
1400100
100010301
12210000
111000030
202001100
110000121
1101021
2101011
2000310
20201001
100011300
110200020
110002020
20100120
110010012
10000140
20012001
110002110
10001100
1010211
11110110
10012200
20001000
20000121
40002
3300000
100011120
12012000
30012
10001301
10020210
1001130
20010300
10120011
100101102
2020110
1110300
100301010
10031010
14001
201110001
210001011
20011002
10100211
100102020
410001000
310002000
400001010
100100010
11100021
100010220
13010010
21020010
12110010
110011020
212010
100000023
111020100
1203000
120001101
100201200
310010100
310000011
100000401
102001020
100022001
12
100000032
10112100
1013100
1012101
130001100
211100010
300
40011
300210
2102001
40100010
20001300
20020002
301110000
110100
4010001
100002201
12002010
202020000
200200101
100102101
100100100
220101
221001
1001202
300010020
12100101
130110
11040000
10300101
110001021
121010001
3200001
300120000
30111
21011100
101003010
10000122
120010020
100201020
120030
130110000
100211100
101000211
10110102
1100001
10121001
40000020
1103001
100220010
120100110
110020200
120012000
110100012
1011
121110000
220001010
30000300
22011000
30002100
100100130
2001012
10101
31110000
220200000
201201000
100001121
11000004
10001001
120000210
30002001
300300000
12000030
12010101
21110010
21001002
21020001
100021200
21100200
3120000
11210010
21000210
100201002
1032
3003000
121000020
201001020
122001000
40000110
22100100
220100001
1202100
130101000
30003000
300210000
10000110
120012
202001010
20100003
210000201
100020210
2022
210010200
11300010
100101012
110000001
3010002
102000120
10013001
22101000
111012000
211001001
2010000
10012110
102300
11022000
10001121
211020
120102
100010202
303000000
40001010
10110000
20004
130100100
30010101
10130100
2101200
12001020
200001003
112002000
110000400
20210001
300101100
101011110
200301000
2100030
110111010
300011100
210000111
110211000
1202001
1300200
1111020
10000320
12020001
2100003
111101001
20110200
113100
110100021
10021011
12000003
110101020
10120101
1002201
100101300
110110110
110010201
10000311
20010210
102002001
21003
300120
100003200
1301010
1300011
31020
100002012
1011201
103100001
10100310
1010001
123
122000010
121000011
101001030
102
30200100
1021011
1212
2001300
2011020
1010112
20400000
1212000
210000120
200112000
3021000
1310001
101021001
110300010
11020002
3100101
101301
20310
100002030
21000030
1000032
120200100
400110
200100201
2000121
112020
210110100
1001310
20110110
12000210
41001000
102100020
10300002
100100112
2102010
230100000
201012000
201010020
1200030
10104000
140100000
300010011
100022100
103101000
200101020
121100100
12100002
101100102
221010000
11100300
30000
1113
11200110
101000004
1130001
102210000
100020000
100020003
221010
100010310
311001
12020010
1031100
30101001
1220100
11000040
30001200
110210010
30300000
200022000
200011101
20011020
101001
222000
10110111
10110030
10011003
110001201
20200101
2012010
2020002
300010002
10203000
10300110
100010040
210201
201010110
100112010
11003100
103000110
103000020
100140000
20130
200010012
100202001
100131000
10230000
11300100
101000100
301100001
3001110
200101011
121101
10110
1140000
100110030
100000113
100003101
10101111
22010010
102100110
1101003
12200100
2001102
100200012
20202
1020012
110100003
1030110
21110001
10202100
102210
200211
10031100
201000102
23000100
30002010
100040001
202000002
12100200
201001002
1311000
111000012
3102000
10100220
200000220
140001000
12101100
132000
10103001
10002201
110101110
200100003
201000021
2002020
111300
23100000
10101120
202011000
202010010
1040100
100101210
10110201
21011001
100113000
11000121
30100101
200010102
100000002
10113000
20010030
2012100
402000000
201100020
3000300
10030110
13100100
102003
2022000
22001001
111100110
300030
1022100
1130010
1110111
1011003
30001002
300000210
32100000
1400010
212001
200010000
300010101
141000
113000100
111010011
2110020
20000202
20301
220011000
100030101
121000101
101000001
1000020
100202010
103002
3200010
101110020
14000010
110200002
2002002
202002
3120
21101100
102021000
10002000
1001112
103001001
201000030
103110000
21111000
301002
110121000
110013000
1030200
100101120
120000111
110100300
212000010
110202
1131
101010210
10000014
110400
310001001
120201
104001
301001010
12000000
22100001
200003010
102010200
1320000
200120001
100200021
120000000
130000020
200001111
320001
30011100
12010020
100010031
20210100
1220010
20211000
1014000
10020111
101002011
120002010
102030
2030001
3000120
203000010
114000
21030000
101022
120110010
301002000
110010003
1000140
20001030
11040
100010022
1020
101040000
2013000
10401000
122001
12001101
103002000
101310000
101020200
1000401
11000301
2202000
10210020
101013000
11110101
1010103
1201002
1220001
300110100
111020010
110002002
2011101
110100111
40010100
111002001
1010400
101001201
3000021
220001100
211100100
110200200
110100120
100001001
102102000
220100010
31100001
200010201
22001100
10212000
130001001
20001120
302000100
300001101
200030001
120010200
1121010
10130010
100102200
102020010
200110200
11001111
110003001
200003100
20001201
3101100
111201
210101100
210102000
103001010
100000011
101200101
10102020
11211000
100040100
10002003
10110210
101103
1101102
3101001
100020012
300200001
100121010
100120101
140000001
1000104
20000211
1210002
400002
1111110
200101200
122000001
10320
10010112
120000030
110000202
100130010
100010010
300030000
10011120
110120010
20000010
2210100
101010
200000130
10310100
10001040
11000100
110000310
213000
101201001
20010012
310020000
22001010
1200111
4001010
110004
210001110
100030011
4020000
312
12000120
300003000
111030000
11010030
