2040020
1020200
3030101
1003013
331010
22031
4100030
2040200
3001013
2000312
400130
20102
2020103
1002320
4040
20402
10034
1000100
340001
130202
3320000
20033
1020230
1030310
11003
1230002
2203100
3101003
230000
2240000
2002301
220013
2213
1203002
2300120
201230
22103
2003012
210032
200012
1331
224
300002
1003400
2030021
1001030
420020
223100
3100010
3010220
200201
20420
3310001
2030
310310
1300301
400100
1304000
1040000
3014000
202400
101330
4200002
1322000
2020040
13220
31013
1100000
2120003
1300022
311300
43010
2203001
3202001
1300010
1000223
202010
3301100
2203010
140000
130040
10103
30101
2020001
1003202
42002
4100300
2300102
2200010
2200022
1100003
122300
1304
4000001
3200201
310001
31040
2201000
3101030
3002201
222200
320021
30041
2240
1103
3311000
302030
1130000
1000034
102020
300110
43001
13004
2030000
4040000
2000132
1000043
32012
2320100
3032
202301
42020
3120200
102230
1013
4000301
1302200
21200
2032010
2010002
11030
210020
202202
303020
2001200
330101
101000
204200
300221
3003200
302000
2210003
1030130
3001202
200231
323000
3110300
1000403
233
401003
131003
103202
34001
1303010
2020301
120200
1223
3030002
2200310
2001002
202130
22004
3201200
2301002
2013002
2001203
32210
4301
4013
2021
3023000
2310002
322001
201023
200321
10040
311
3100013
1000133
32003
2010320
322010
130301
300101
200024
1400300
1023020
2030201
312002
302120
30311
4130
2000000
1100303
402002
310022
201200
22100
330200
2002001
3320
10313
33020
2020010
1033010
221003
100310
100034
10004
2100320
32030
120302
1043
2033000
3100031
203
232100
130310
10001
3131
2000303
2200103
1331000
3122000
3100202
1043000
2020310
2003102
3302000
3400001
440000
3020120
20303
2001230
2400002
3010310
1030103
23
12230
12020
4031000
3310010
302012
100313
10304
2003003
2103200
202013
40310
12320
314
1130300
130103
1200200
2030012
2000210
100031
300011
2000300
2120030
3001022
3000110
1203200
2102300
3013100
400022
200042
40130
31310
1430
4000220
3100310
2000123
212
3020000
3011003
1004030
100130
100331
4010003
1223000
2300021
3001103
3000101
320201
320003
3102002
2103002
2010203
221300
321020
143
3000023
2230001
2002202
403100
204002
10322
2032100
3010022
1103030
3012200
1030001
3011
1220030
1310003
3001010
103310
300104
30401
230030
2200400
2231000
220202
2003000
4001030
1000031
33011
4100
3110000
200300
4004
2200130
22310
102320
44000
3000302
104000
320
130130
100340
2042
3010100
2000402
310100
10133
4031
3200012
1023200
2022002
3010130
1030010
2010020
3002102
231200
3100040
1200032
30011
3021020
20330
2001023
20
410003
313010
2220020
2024000
20012
4010
3311
422
101300
12002
33002
3013001
3200
2002040
341000
131300
4000022
1200320
4220
413
103400
22010
13100
32201
3203000
2030003
1220
3113
2000024
232001
131030
13010
100403
3020003
32
2003021
413000
230201
3001130
2002013
1000013
2000033
2002310
1000430
1100
4000310
32300
104030
11
410000
410300
1130
110
3012020
2003210
2030210
300401
40013
3000032
1202030
2001032
3000113
1000001
2023010
1003022
1130030
2023100
310202
20231
1313
3003020
3002003
22130
2222
4103000
2130200
20042
310220
2030030
140003
1002203
313001
100400
22013
3032000
2003120
3013010
1004300
210023
24200
13031
30014
2003030
2022200
1200302
2200013
110300
110330
202040
2123
3200300
1310030
310103
4022
3110
2230010
2200004
330002
1200002
101030
300122
10100
4200200
3300110
2320010
1200023
3001031
21023
332000
1232000
3000041
303011
1010300
2002103
1003301
1000004
400220
102203
21302
1031
2123000
2213000
2012300
3021200
1032020
400040
202022
1001
1220300
2201003
1301300
2010200
130004
2201
4001000
3400100
1202003
3004001
2001020
43100
1303100
302003
2003201
1003031
223001
201302
2303000
1300400
1300013
3011000
2020220
30302
1020023
103103
4300100
3300101
23000
1000220
2000012
134000
133010
12032
4030010
2200001
440
13310
1004
2300000
210302
1003040
1220000
1200203
212003
311003
301040
2302001
312020
303110
24020
2021000
2020400
312200
101303
100043
4022000
230300
230102
1040
2130002
3202100
1003130
103001
100301
1403
4100003
2000003
110000
230120
230012
33101
22022
3220001
3010004
310040
202031
11330
4400
1000400
400301
1200230
300020
1003010
203201
40400
4000040
1100330
130013
22301
21032
4003001
2031002
30023
212300
330110
4300010
3011300
3031001
2002130
400202
100223
3000320
1330100
40004
4030100
202220
2031020
403010
100004
2000330
3301010
22220
242
220310
200312
403001
31001
3102200
2202020
3103010
300200
300302
2022020
2400200
1133000
401030
123200
21320
4001
2102
1030301
1000202
3110030
1030040
1004000
320012
4002200
233000
300041
330011
3200120
1031300
2310020
1103000
3021002
1133
4020020
4000103
3113000
2004020
2000222
3000014
404000
320120
2300003
2420000
10202
10022
100133
31202
2100302
1032200
100322
32102
10310
4010300
4020002
303002
3002210
4002020
2220200
10031
2231
4000031
220040
204020
3122
3210002
1020320
3031010
203210
2004002
301001
13301
20120
3210200
1020203
2200202
40031
30104
10010
2120
2000030
1103300
210203
14
3002030
1300040
1232
220400
200240
3410000
1010303
400010
23021
2300030
2012000
400400
110033
203120
103022
100304
1302020
30032
120320
40103
22040
30131
4310
3140
1031030
2303
3014
3000401
311000
301220
200213
200222
1100030
3020021
1040030
23300
1022030
2030102
1003004
1000040
1103003
300230
103301
11000
402020
231002
123020
310010
104300
302300
3000410
3200102
3020201
301103
3300020
230003
300410
13013
410
4000013
1001000
3220100
3110003
3000203
3130100
122003
32021
4001300
1400003
1013000
132200
110003
3002300
1302002
3100100
3100400
203012
102002
13130
2210
4030001
3220010
1340
2013200
222002
300203
1001003
401000
42200
4220000
2210300
302102
32120
420200
340010
1030004
3004010
23012
131
1010000
3010202
301010
20123
2020202
3003011
1010030
3002021
200132
41003
10430
2024
1130003
20000
2002400
31100
404
320300
3202010
1300202
3040001
1010003
1003310
3000221
133100
3002000
330020
20201
130400
40220
1300001
41300
3310100
203300
100022
21230
4202
2012
3200021
3100004
304001
10220
20222
3300002
33200
321200
22202
1030031
400004
242000
201032
20240
2100020
1030400
402200
201320
3230
400103
331100
200000
20030
301310
13022
2010032
1000310
3020102
400310
240020
320102
31010
1430000
3010103
3031100
2030120
3001400
301130
200204
4003010
2100230
1202300
2020130
302210
1310000
3221000
3001220
3000140
123002
301100
103013
202004
3200000
1300004
2021030
3010040
1001300
3001040
221030
130100
2200031
1040003
2300012
130010
220010
203102
40100
20132
4000202
1203020
430010
3020030
2100023
1003103
130022
220004
41000
320030
2012003
1301003
3100301
3001100
3001001
232010
1400
2003300
4000100
302201
103040
101033
200420
40001
30113
3041000
3010400
113000
122
1031003
30020
3130001
2300210
3100220
212030
200120
300212
2222000
2320001
22001
304100
12023
23120
31301
13040
30221
2204
1022
1020302
314000
210002
3010013
2002220
3030011
332
113300
331001
201020
14030
2200100
1300103
20204
31130
21020
1030013
2000042
131000
200402
4200020
203030
1330001
2004200
1003100
224000
110030
230021
4000010
1400030
301400
104
1030202
3020
100040
1022300
3030110
20003
2000201
1010
4300001
3000002
1030022
3001301
1000232
422000
3000020
1022003
3012002
3003110
300131
21002
4020200
1100033
3101000
1002020
120020
10301
341
3212000
1301000
2032001
3010031
3004100
1000331
400031
34010
3000230
1031000
31022
3022010
30200
301031
200123
1301
2330000
2132000
1020002
34100
1020032
302021
100103
14300
4400000
1303001
30002
2000120
400013
102032
44
3300200
4013000
3003002
1003220
2000321
213200
113030
320210
220301
1313000
3100001
201002
2201030
220001
2010302
3000122
223010
41030
23210
3130010
3103001
300113
3003101
2
2020100
3020012
220103
120032
11033
2120300
3040100
2001302
3001004
210230
103004
100001
40010
320000
1320020
1034
10130
10232
2230100
200003
1002200
2000102
143000
310031
2210000
1310300
1001330
24002
11300
10331
1322
2220002
1200020
240002
30122
3140000
2000240
310013
202001
10043
3401
3221
1033100
2000204
30230
2330
221000
11303
20021
303200
2200040
3101300
310301
321002
210200
300311
100202
12203
13001
200330
2040002
2301020
200033
201203
301202
100232
33110
3104000
2201300
23201
3100130
3100103
2010230
2020022
1004003
2300
4100000
2312000
3000104
410030
213002
13202
31103
10223
3001310
302
102200
301004
40040
3200210
3011030
2003
10340
3101
3041
1300031
1013030
2001320
1000103
430001
13103
30140
2301200
2102030
2020004
2002031
20321
431
41
1300310
20300
1230020
3120020
1202000
10403
4000004
1320200
203003
3100022
1022000
2013020
1002302
4301000
2300300
3203
2000213
301022
10013
1220003
2023001
1202
200
30212
2100032
23030
1033001
230210
120002
100100
3200003
1301030
2200301
2002010
4001003
2202002
1002002
102023
31220
3230000
2100203
203021
2010023
213020
2021003
431000
240200
14000
14003
13400
2130020
1013300
130220
140
101
3000131
122000
101003
2200220
1000022
200030
3300011
1013003
1010033
2000021
231020
4002002
2204000
2312
401
221
220130
200102
1001303
1400000
1100300
3000011
220031
300023
1003001
100220
3201002
1000301
1002032
100430
40301
1023002
1002230
102302
300140
2321
1002023
1000340
202310
200210
10400
1310
1020020
120203
4010030
1010330
2120000
2002100
2102000
2103020
2302010
2021300
2020031
3302
1340000
2321000
132020
103130
1001033
3400010
200303
401300
120230
4103
3104
3201020
3000212
300032
1040300
3410
3020300
1300220
430100
103031
3002
2002004
113003
3200030
3030020
3010010
3002012
1000322
3131000
23003
2002022
301013
4003100
2102003
32000
200021
40202
3212
1230200
3102020
2020013
3030200
2402000
1032002
1000010
210320
103100
31004
2132
2100002
3022100
3103100
3040010
30320
230
2000231
130001
3000200
3210020
1330010
140030
220022
22400
31031
4202000
4010000
100013
40022
30410
2420
113
400001
301301
1000313
3000311
212000
322100
202100
303101
2310200
2100200
2302100
1030220
3023
122030
304010
103010
3401000
1320002
2402
130031
202103
12302
20024
2300201
120023
3002120
313100
12200
23102
2400020
1300100
1000130
420002
132002
300014
1300130
3022001
3120002
2000
340100
2030300
4004000
30203
1000304
140300
310130
104003
103220
4130000
1403000
30110
300320
2042000
311030
220220
20213
134
1030100
222020
3010301
310004
31400
20312
2210030
3301001
2202200
2012030
3020210
4000130
203000
3010001
2033
2000420
220100
100010
1034000
2031200
110303
323
133001
310400
21203
20210
4310000
4000400
