3030300
3003003
30030
3333
3000030
300330
3003300
30333
3330000
3303000
3303300
3303030
3033030
3030303
30033
3300
333
30
3
33030
3330003
3300300
3000300
333300
303300
300033
33003
3300330
3300303
3030003
3000303
303030
33300
3030030
3003030
33
3030033
3000333
333000
30330
3330
330
3330030
3003000
330330
3303
3300030
3300003
3030330
30300
3000000
3000003
330300
303303
300303
3000
3003330
333030
303330
303003
33303
330303
300300
3333000
3330300
3300033
3003303
3000033
333003
300030
300003
33330
303
3030000
3000330
330033
30303
3030
3003
303000
300
3303003
3033000
3033003
300000
330030
330003
3033
3300000
303033
300333
30000
33000
30003
3033300
3003033
330000
33033
