300100
120001
20110000
11010100
201100
300000100
101010100
101000101
21000001
10102000
1000
11002
30001
100
1001020
100200001
10001002
10000201
200000200
110000101
11011
100020001
1100110
2010010
10001101
211000000
100111000
110000200
3001000
200101000
1101100
101000110
1201
10200010
100120000
3010000
110002
100002001
310
20001001
210010
1000300
200011
10000012
20010001
1002001
200000110
310000000
100010200
200110
22000
10002001
110020
1000021
100102
210010000
1000030
400
10000210
200200000
1110010
31000
101200
20200
11001001
20000011
211000
11002000
100101001
10000021
40000
10210
1000102
120010000
111001000
102000100
4000
13
21000100
10110001
30001000
101110
111000010
1110001
1020001
20002000
100300
10001200
10001011
110020000
200100010
21100
201100000
1100002
1001011
200010100
110002000
111100
100101100
103000
100100101
100001011
10101001
100000111
101020000
2010100
220000
100010011
200002
1100011
1000003
1011010
3001
1101001
30000100
1102000
101000002
110110
1300
10020100
10010200
20010100
100201000
11000020
20000200
10210000
201000010
121000
100001101
20100100
110100001
100010002
2011
100110010
100001020
10
101000020
1020100
20101
110011000
11100010
101011
10010002
100000210
101010001
13000000
200110000
2110000
101000011
100000021
1012
20101000
20000101
300010000
10111000
100001002
100020010
110200
11010010
120000100
110000002
400000
1011100
100021000
2200
110001010
103
1000012
10021
200011000
21001000
300000010
101000200
1200100
110001100
11000200
10300
1020010
120100000
101110000
110000020
1001110
101101
10010011
12001
30100000
201001000
112000
100002100
1200001
100210
21100000
100003000
210000010
200010001
31
10000003
101100001
102000001
10111
10000111
100000
101200000
100011100
20000110
1003
400000000
101002000
10011010
100002010
200001001
12000010
200000011
101100100
110011
200200
21001
130000
2000200
3000001
1111
3100
101011000
10100020
100000000
10003000
11200000
11110
12010
211
22
10002010
10000102
1000000
101100010
2001100
10010101
100111
200100001
11020
100000012
210001
10300000
200001100
200001010
1021000
110200000
1210000
10100110
1
2100001
1200010
1001101
100210000
11001100
1000111
100003
10010020
300000001
20000020
10003
121
200000020
1030000
100010020
1021
21000010
10020001
112000000
210000100
2002000
110101
1010020
100000120
1001002
10012
11001010
40
10012000
103000000
20000002
2011000
11101000
100100020
301000
20011000
4000000
1300000
101001100
100110001
200020000
100001110
1100020
11011000
1120000
1101010
12000001
2100100
1001200
111100000
10101100
310000
1002010
100201
1100200
100012000
10120
120010
100000003
100020100
130
2020000
2020
10011001
30000010
11000011
1030
1000120
10000120
10100002
30100
12000100
10101010
1010002
101020
100000201
100000102
110101000
2101000
100030000
2000101
200020
111010
12001000
10110010
200100100
1000201
10030000
120100
20002
1011001
100102000
101001010
10010110
40000000
121000000
30010000
102100
2200000
10201
201010000
3000010
2000002
100011010
300010
4
10200100
100012
110100100
100101010
1010110
110010010
2000110
102010
10120000
2101
110010001
100300000
11100100
1010200
2100010
101101000
100011001
20001100
20011
100120
11000002
12100
111001
202
20200000
10100101
21010
20100010
100021
22000000
100110100
102000010
100010101
201001
111000100
100100110
1010011
100200010
120000010
10100011
11100001
111000001
3000100
2000020
1102
101001001
10020010
1100101
11010001
130000000
1012000
11101
10102
120001000
100100011
2010001
2001001
111010000
110010100
10002100
100000300
100200100
301
301000000
3100000
102010000
201000100
100001200
10001110
20001010
110000110
10001020
11110000
100000030
11200
20010010
102001
21010000
10100200
202000
110001001
110110000
210001000
10201000
11020000
100010110
200101
20110
1210
10011100
1120
31000000
11000110
201000001
30010
10000000
201010
20020
210100000
210000001
1111000
101002
1000210
300001000
110000011
12100000
1201000
110100010
102001000
210100
20100001
200000002
10030
220
300100000
20020000
10000300
102100000
2001010
10000
2110
2002
112
202000000
200002000
30000001
2000011
13000
220000000
120000001
1110100
10110100
101010010
1010101
10021000
10000030
200010010
10200001
100100200
100100002
300001
3010
200000101
12010000
11000101
1003000
100030
1002100
