210330
43110
1303200
4100202
1023021
4040100
1032003
1340010
1220310
40410
4113000
1300200
2102031
33012
3120120
224010
214002
202212
2000103
1301100
1020102
3130110
1314
4000032
30030
103203
420
22230
2201130
12000
104013
4013001
430002
10413
2222010
242100
4100010
1030320
23310
3010320
3030021
24012
1000023
131001
2102022
1000131
34101
2130012
304020
1230102
132012
3002022
132003
112020
211020
3311001
3011100
22104
4101003
1210002
32031
23004
3140001
404100
3300012
2022000
1103010
102123
31110
3130200
1130103
100101
1200120
1002102
231201
14040
2012100
32103
422010
2110230
2210001
31023
201021
202311
31113
2214
1123002
1000044
1100022
400212
3310110
3202002
1130130
1301010
1020213
3311100
40140
4041
1203003
2204001
2130
4201002
32301
103020
301023
1302021
4203
410400
122310
3000210
1400013
4003110
2022102
2001
40122
4120020
2001330
2012022
1004400
110013
300141
2000010
4000041
4131
1033200
12231
110034
23112
3120030
4010001
414000
431001
4202010
1300020
300111
2000214
2023110
1032012
1140030
220230
203202
3021
420021
400410
4310010
2300103
2321001
23202
122010
223011
11043
4210200
1300203
4230
202023
300012
1203012
1010001
3010041
2001003
3002004
1233
1040010
212202
403020
230103
20133
1312200
1011303
1101000
2001201
400401
402300
223002
401100
10323
240
311400
31320
2002311
210102
4100001
1032030
3001221
1210032
1022130
1320102
40200
10011
3100230
2210103
3110001
3014001
2132010
201033
11013
2013
12213
204030
3010221
30300
230022
213030
1000230
2142000
3011004
300114
4001103
101400
1222200
1230210
13014
4202001
1023030
4100013
3000204
1020420
201213
4140000
3200031
21102
3020103
112023
30231
3101004
113031
2041002
40230
2001123
201312
2211000
200220
2200101
13212
33000
1400310
2100120
101043
123210
3010113
100002
422100
2100321
3201120
4320000
2120040
42201
1001001
220200
2102103
200022
32100
13002
2010024
102321
3000021
1210203
1021023
1010103
2100033
2031102
1430010
2202102
232101
313101
4001100
2000031
40011
21210
1100304
3101103
210024
23211
2140200
2100012
210012
4400001
1314000
1103220
3100140
400311
11400
1002303
1220103
332001
2040120
3113100
210231
100104
21231
2003202
1232100
222000
210300
2120022
1431000
2400102
2240001
330201
130002
2201022
2310000
4000104
1001004
142200
132201
2020032
2121300
10143
3100200
1003200
2130120
100203
13302
1022103
402210
210420
2040003
1400010
2000130
1000314
101340
3012102
3320001
2002032
134010
3000303
1000221
340011
203310
1010331
101331
310410
4130100
2003100
2000142
240201
100311
2241
2222100
2101320
220110
3001401
2124000
240021
132030
2102040
213012
3041100
2200230
3100302
4021200
3011130
2200221
1410
1210200
2020221
241002
112203
3203010
1134000
2010231
410001
30303
4004001
120210
2320020
1010031
1101030
201321
3012021
2103300
2022003
2010321
413001
211002
10311
3002121
3320100
31230
1011030
1401
2320200
1100301
1040130
2022012
3202011
1331010
302310
402
411003
21300
1020210
104040
2022030
2004210
2000202
1200204
131103
200142
314001
1122
3200100
30330
3410010
2123010
4221000
2100303
221031
24
4010202
1001103
2001102
2241000
2020311
3410100
20121
2020410
2010204
3231000
203040
3400101
1002204
3102102
312201
10404
3201000
1320
13113
1010403
421002
1010232
4003002
4031100
1023012
2223
2002212
3012210
301122
330120
1040103
1310202
300213
2012301
2021202
23031
3041001
2200200
1331001
11310
213210
3100203
1301103
110202
3011022
3000240
3110010
2102100
302010
2031120
123201
110010
120042
2004000
1231200
103014
321012
2030022
132300
2010030
1013310
1002024
3111003
3003
1100430
3101130
1301301
2002140
220320
1200012
33102
1002222
4300110
1322001
104220
3011301
4001040
2101032
1002201
1330002
2200014
3200211
101301
302211
2401002
222030
1104030
3310101
2200140
1023
101130
312210
2223000
2212200
1130004
3010302
2311020
1013202
2021301
300000
220020
120003
3101310
4300101
1311003
2430
4002120
1202022
123000
2030220
2131020
2220201
2110023
32202
4104
4101300
3012000
230001
113022
1332000
1200330
1300410
2004021
100044
232020
131031
303021
310212
1210230
1130022
1400004
2310210
1202100
104301
4300020
4011000
2010213
1010304
1401003
1221000
213300
1301220
400104
3002202
3001020
1022001
1030131
3400020
1220400
300042
10242
2034000
3000123
1310100
2031000
1313100
103122
200223
1022040
13401
4011030
1132020
3010110
13032
222
1001220
1332
1000134
2303100
23001
420000
2130210
2104200
2041200
30222
2040030
3
3010401
3210003
2100132
1100040
233100
2110203
1004103
101223
1320021
101232
1203102
13020
23010
1031004
1001313
202410
2103003
320013
41100
3100023
122100
200241
13122
103200
2012130
2020020
1001304
410103
2301030
300033
1400220
1303101
133200
1300311
23130
1010133
2400
4300011
2002302
2120400
1043010
2012001
2331000
220101
41310
4000401
1102203
2130003
1302300
1303110
4302000
212301
120213
341010
1011003
1413000
1122300
44010
2300130
4001001
23400
12123
102012
10041
2023020
1133100
3013101
30402
1010220
1130100
1120020
204003
2300301
130302
1001223
1011300
200124
140010
312102
4021002
321
3102
1030200
132000
143001
3100002
2031300
1021230
3021012
12021
1032000
2201301
42102
12204
1024200
44001
3032010
110400
2040102
3013110
320202
300102
1002420
104130
2110200
310011
2100000
441000
402021
2102004
1010010
1422
1004031
104100
1132200
2100021
1032210
4004100
2202021
1100034
3003210
1232001
1401300
220410
3011220
3020121
4000002
4040001
210312
4100301
301020
2100204
10320
41220
3030300
3042000
2002104
140103
2402100
1024020
1033101
10002
200211
4000011
220002
4020
11223
3012003
2120004
20100
1001031
201222
1002330
222300
1022310
3001032
333
1300113
121200
311031
3411
220032
202320
411300
302013
200403
2013120
204
403002
1002312
122004
3132000
2103
3110013
12240
204000
1100133
3201102
2010102
1001400
3300111
2030100
4004010
2103030
1100403
2100222
3210030
2010012
4000320
103101
100410
400230
2110032
1201203
3140010
401013
2112003
120300
1220130
2004120
2002110
2202030
33003
3110130
400101
120123
103110
204120
200322
131010
4032
1000401
1003203
21402
4301100
301110
1320000
300123
14202
1420020
2210301
113400
110310
2120100
2310012
1020321
2002401
3310002
1003131
30240
10332
2001240
110403
3000300
3030210
100440
232110
204021
4030110
4000221
120000
1022202
101220
12120
1402020
3000411
2301201
21024
1300212
14400
4401000
14001
302103
113004
231003
2110320
400020
1204002
1010040
2003112
2022
3220002
2020302
22140
31014
4000212
3011202
401400
101133
100341
10440
3200040
3110301
3330
10410
3000330
2010330
1200213
3014010
3010122
2300013
1103004
101031
310401
100122
141
312300
113103
1022004
1010430
111
4001022
1031040
1041030
1322010
1024002
303201
23301
1031301
3020211
110223
341001
2410200
20223
24003
1023120
3002112
1230300
4013010
21132
4020120
102213
3033
1000410
1134
4010310
1030302
3110022
3030012
310032
1101003
122202
11103
3120003
2221020
111300
211023
120024
1323000
4130010
4113
2220003
2030004
123021
3021120
4001031
2222001
2013300
310023
1032201
1023300
221400
4100130
3321000
102240
322020
131040
1040031
102210
1212000
230310
120030
2230101
2201202
2020131
1420002
3011001
1100004
311301
3010200
2301210
10401
3111
2303010
310131
1401030
223200
300303
2020011
103041
311004
1100100
1200312
123030
1220301
203121
3040011
2001000
4000110
321102
1133010
10302
1200000
1000311
124200
200313
1020132
1130040
1100223
2030112
212220
313011
31311
4200210
1131030
321210
120204
3012012
12321
2213100
2102010
2200122
410040
4000230
120222
113220
3014100
30141
4020300
1000323
1100202
1210020
210033
3001023
1003002
1220031
401040
4012200
130410
2010300
1200123
22014
1302003
11403
1003113
1242
3123000
313002
1012230
11031
3201300
4010010
224100
3004101
1110003
2103012
2010042
323001
320211
2312001
2210220
212100
43200
1021200
3110103
222210
122022
11010
3203100
1000200
300
304200
42030
3100041
110340
2220300
2031003
1103100
3112020
3401100
221013
3011031
2032200
1400130
1003014
1000014
132210
210213
10212
4101000
4001010
1011033
1013031
3201
100413
3032001
1041300
2113020
4030200
1310220
4302
3230010
1303011
31203
2112000
3302100
2031012
10104
3110031
204201
31104
3300102
12300
2012400
1201320
2201103
2003211
1143
4200300
2200032
22023
303111
310230
201030
201201
3010311
3022200
24300
124002
210042
400122
210120
12030
402102
3000420
1040001
1013022
3002301
103131
2133
140400
220140
2103201
1020123
301221
102201
11004
12042
1013220
40212
202203
3104001
130011
104022
1311030
203301
102030
300240
1013040
2001132
123120
1120032
1012320
133101
1202004
2021400
1030230
1001310
130140
1231020
1020330
2004300
122301
3100320
11232
2130102
202122
3021003
101022
2002020
400110
3022020
102420
41040
1000104
1002021
1231002
1130010
30312
2020104
1020024
200010
3001041
2200311
142020
2210004
1040202
223020
2310102
1440
3000003
4000311
2011023
1020201
20043
1200003
130230
1003110
1041
32040
4032000
3122100
3100122
3300000
1401000
1100313
201042
1400301
3012300
3200013
3003000
1030221
1001040
212130
2232000
3320010
3012030
1110033
1202400
3003003
303
2031021
10032
3040110
1102002
1000122
1000101
131100
41400
3200103
10203
42012
340200
1042200
242001
4103001
1200132
1404000
1313001
2310021
300321
1003011
3110040
3003201
430200
3021021
212001
3012120
3020112
3312
3310200
1330110
221103
431100
123012
3300120
2023101
2001021
3121002
304011
1003320
332010
100020
130110
340020
1224000
2201001
1100331
1020
230040
110430
101013
2021040
21123
3023001
12003
3003102
1102200
330012
2000211
11001
113301
2300004
2020110
1022031
3001410
2002023
2120031
103230
103032
1000143
113130
4001004
301200
1200201
2203200
240000
1310013
140031
200121
2230002
401301
210240
103401
1130202
1220040
2220021
214200
130041
122400
1410003
2132100
1220220
2120220
1220004
3033000
3300201
3321
200013
1100001
3231
3130011
221301
3230100
200214
2014200
4020030
432000
1310103
1301130
430110
4010100
3200112
1302201
1010313
130311
210021
311040
2001042
220122
4300002
4000131
41130
3001101
23013
210201
12402
403110
1203201
300021
22200
311022
3012201
212010
1043001
3000231
331020
40023
20022
140301
2002113
220113
204300
2003400
3102012
23121
4020201
2002200
1101
20220
11202
423000
13230
423
303000
3102000
1120230
2202300
2003004
104310
1320030
41022
101322
2113002
20124
1200102
2100201
1013103
1311300
1302210
3140100
3001140
4014000
1103202
104031
33030
3020130
1200222
202113
1110300
310302
2142
4000140
231012
3100032
341100
1003104
3002310
1200420
230031
303210
2012013
120132
3210000
101313
2022201
3221001
3030
1031220
40110
221220
1113000
2101302
100233
1021002
1020000
2000100
2304
13110
10014
211032
22101
40032
2001012
3311010
301401
2201010
40020
2301012
2012310
403011
2001222
2420010
1113030
3102120
30204
30042
131022
3010002
201330
104010
20214
1203000
203022
440100
302121
3100212
1131
2113200
1000140
203001
141030
4101
2310003
1033002
1232010
2010312
2020041
2412000
100323
3120210
143010
122031
10134
210000
2240100
1041000
1012200
24102
4021020
201003
1021032
1012002
3240
240300
1123200
1201002
31401
3003021
1140003
2021100
3100101
412020
204102
102312
41103
230013
301302
2102202
203211
2410020
2130021
31200
3220200
2003013
421200
21321
4000020
120
13041
2220210
12312
20403
43011
2311002
2201400
2001024
101001
1210302
1202130
114003
40041
331110
231000
410220
1031202
1004013
4010220
1040022
1310130
2010132
3411000
312021
3030030
2320002
140040
122040
1330200
2020101
120303
2302020
1020003
1104000
1102020
2220
4120200
102000
202110
2023002
2101203
1310004
20313
2004012
133011
330
400002
2300031
1010223
1133001
1200240
4202100
2321010
2021130
3210300
2123100
102003
300312
30024
132120
1200030
312030
2021022
20232
400113
340002
40002
1031010
1010340
103212
14220
4110030
4103010
2301
123
310110
2200020
321300
103011
1301022
1020042
313110
2131002
1000440
400140
2120103
21030
1310301
12201
2020401
230301
2042010
2021310
301011
3301200
1030023
3131100
201120
32112
420300
1300014
1001133
3221010
431010
2003040
322002
2102001
213201
2200320
210303
100032
140220
4010103
1301031
3024
1303020
3003120
120240
4022010
302022
2103021
3130101
101310
3203001
4010400
1030011
221004
110322
101040
2100030
4100040
303030
22311
140013
21012
2103120
2000412
2001402
120021
1201023
110331
2004201
243
101103
1224
2120130
2014020
2231010
100224
1002300
1203210
143100
2030013
1122003
42003
1040100
3100410
140022
2210400
200304
210132
3002211
3200301
420120
3121020
100422
3020310
2211003
32004
30021
202014
4300200
1210320
123003
210222
3000030
233010
1202031
1100322
13203
3013002
4003011
4310100
311100
140310
112320
1130301
202002
2102400
1202013
1100031
231210
102402
4000302
1430100
40302
31032
2000121
410022
4100100
4001130
2020023
203112
2040
401202
110304
2042100
1014030
1023000
2312100
310203
31020
2030211
14031
3213000
2202000
223110
1143000
2331
2311200
1132002
1004220
1000224
4200012
3024000
2011302
30210
1203
301311
4003101
2100024
321120
14301
2100312
400011
1041003
12303
30132
3020301
320100
2012103
131310
1220202
320022
3001212
401310
222012
4002102
2000403
1330101
1200021
1000212
130014
300330
1020300
11100
3001311
1304010
2201004
222102
3000000
230400
104103
12024
1103013
1200
1240020
212103
1123020
1010130
1001430
141300
20142
2102220
2011032
121032
30003
1010301
1022022
3221100
3101013
2030400
2013201
40311
144
3420000
2103210
14022
232002
2024100
31002
412200
32211
1430001
2022210
131301
222120
410031
22131
400023
1300221
2011203
3123
1221030
2040210
2211300
4200
1003401
432
2330100
2401020
1203021
100314
3013020
1000002
1000242
3310011
1202301
1014003
1202103
300204
1021020
30102
101004
13101
4010301
2210031
2021220
1002123
3212100
2300100
2121003
2301000
2203011
2310201
200301
20103
14103
2004030
213000
4000101
2231100
302202
2211
3023010
4030011
2313
31221
200331
12033
13410
4122000
2010
1301001
100041
1104003
1100232
3100131
410004
3300
1000233
2002014
410130
103002
21033
1044
3120201
3041010
2001321
102042
310104
230010
1102320
1012203
3031011
2001033
2003001
1101303
220401
2200203
4001310
1000341
3200022
323100
1030410
3131010
42120
2041020
1014300
202104
1023003
230121
101403
31041
1221
320400
221130
2001312
3100401
3010020
2201310
30201
1220010
1030140
3010032
1113300
2201220
3021102
4200003
3200400
32220
311202
133110
40113
10131
300411
320103
3210012
2110020
2230011
302001
1300122
114000
113001
3030000
4002210
2010021
3001320
30
4023
4020102
3001203
230004
1030212
21042
4000023
1020303
2100123
1020222
130212
2010000
324000
120120
20331
3113001
1300041
413100
4002201
231030
3002040
1201302
420201
2203002
1030020
304101
31131
100023
2021031
3120012
1403100
302130
1313010
1013001
1004010
221010
34110
2013000
1102032
3012
124020
3141
3300003
1031013
1001340
3100221
133020
1010400
3040101
3302010
410301
212310
201210
2004102
42
321021
2003103
311103
2200041
1020402
2300400
3040200
100302
2003301
1312020
3400110
22122
301101
1301400
1002402
1400040
1001232
401004
2020203
3001002
2132001
1310031
240210
3003012
1420200
430101
130101
2031210
1030122
13131
131013
11313
2403
3102021
1030203
3010203
11040
2300121
21000
1200033
2030310
302220
2232
3201201
4010004
1400202
3220011
213021
4102002
1302120
4001220
1020312
303120
300201
300300
220011
3001200
1220100
111033
330111
3330000
3222000
10140
1004130
202140
3410001
3000111
2002011
21213
2330001
2003121
2012010
1010310
4200120
403200
1110303
2210202
2301120
23100
1032120
2121
4230000
1311000
1200024
3112002
203103
301032
1300320
2100
2040021
1140
1203120
1044000
3210201
22110
11301
3030201
2140002
20340
3200121
203031
2001210
2400030
2310300
1000032
1200402
2033010
1003023
2001303
1301013
23103
300003
1003230
120012
302040
1000113
3211200
3022110
2200410
1000041
131130
110040
1204020
210
100221
22401
11340
1400031
201132
3002130
441
3103200
4003020
1301202
2100003
3030120
1003212
410310
102300
3132
110130
100401
1030311
401031
202011
3300300
1331100
2300220
113010
202221
41013
1033110
220104
302112
1011
4000203
102330
2003130
1201230
100200
1020231
1000431
4200201
2013030
2412
440001
300132
2043
140001
314100
1403010
3102201
1001022
3210120
303012
2100213
22212
1200303
144000
1201200
1040013
3001113
2400300
201300
2100300
2033100
1130013
1002231
3111030
10341
4110000
4311000
3000402
130200
30213
3131001
211203
102132
2043000
1032300
3301110
2020140
30114
4210002
400302
3001131
3300021
41010
1014
203013
400221
3100020
3042
131220
211320
3130002
4201020
1120203
212031
3300030
2213001
231120
2313000
1242000
1130310
2101230
210123
41301
4030020
400032
32130
231
32013
132
2202
1201032
1202001
303003
2100210
1002132
121320
110043
3020220
202200
2300112
122013
212022
3312000
1300131
10431
3201210
1001322
112032
311220
11322
1103103
1300401
3120
100011
3230001
1120023
203010
22002
121020
122001
21201
4100031
1103130
1103022
2030130
302100
203220
1040040
3400200
1223010
203100
1341
2040012
2032101
201024
1230030
2320101
3003111
32010
2010240
101304
3022002
40320
1310400
1103001
3200010
2122020
2000241
1212030
301230
310101
1001034
3112200
3110100
2430000
2040201
202230
3111000
321201
10101
2000232
1400400
1223001
1013013
3402
421020
212004
3001110
3300210
2214000
3111300
2400000
20400
1010043
400014
2120301
2320011
2102013
300024
1034100
1113
2122002
1230021
3103110
201402
412002
2322000
3122010
2212002
2104002
4320
310113
4030101
1222020
2022120
4400100
1402200
42021
1404
2012220
2010222
20430
410010
3010140
2130030
1131000
1013400
1003221
14310
1131300
1130400
4001301
1030113
1001130
221040
3303000
4030002
2030040
1004100
4200030
2003310
112200
303102
2101020
200043
1034001
2002101
3211002
103221
31011
4002300
3000
220041
2300211
2001204
30000
320310
2110302
2102130
2200011
22203
331011
3003300
3202200
1011330
2310
230211
311001
3020013
2410002
2102310
30321
20040
101100
42210
2003010
130203
1100340
2012004
3120021
2202003
3004020
320040
220203
22320
202101
11220
2400003
313020
2120310
1000422
3030003
4103100
1012302
420210
320130
320004
1004001
3220110
1100013
1031022
1403001
1300110
33300
422001
1340100
24000
221100
4010013
220221
1103040
200430
32001
122103
24210
2400210
131202
3130020
1130220
1030110
2101200
2400021
1040004
401001
1000320
220023
2402001
20001
232011
10110
1101330
113100
203400
2030202
310122
1010034
100140
1202010
1300101
30123
4031001
1140300
43002
2123001
2200104
1030041
1323
1302
4101030
420003
3001302
2421000
1300002
1103301
1014000
112302
221001
4100103
3020022
1023201
331101
2301003
123300
2304000
1213020
2202210
212040
321030
3030111
132021
312120
130131
1310040
32310
2010210
1410300
2001420
410202
3001104
2202012
100320
331200
2202201
1000110
3220020
4012002
1220022
13200
2021001
1230
401130
1202202
2011200
130113
110022
2230200
2020200
321000
2200401
1021320
1004004
10314
4301001
3200130
241020
1043100
2013021
111003
3301002
2000322
2011020
1033011
1022400
1220001
20304
2031
3020202
1013130
2004
310311
20112
3103002
2042001
4002030
1311
102204
304002
1031103
2021103
330000
200133
14010
1300230
1102023
311310
1000332
203130
2100240
130104
44100
2004003
2000022
1341000
2120013
1002321
3204
3031020
1002003
2000034
1310022
2200131
4410000
20013
1002042
1021203
23040
2110002
2103102
1302012
2020014
410100
231300
301203
1030401
12222
2101002
14013
3001230
2220102
2000430
3004200
120231
24120
32121
102303
110004
2200110
1012020
3040020
330021
200004
3110310
4203000
2031030
3200202
2021010
3212010
401022
3020010
23220
2034
301140
4000122
2213010
2140020
1310001
30420
1030101
4220100
3000102
3021210
2030001
1003302
4400010
100134
2220120
3113010
210030
2220012
310002
34002
13221
2100420
3010410
4120002
113202
210321
1110
3010023
3100014
2002230
2000001
2212020
111030
3013200
200100
3101040
141003
3010014
3003030
24021
20202
102024
100131
3011103
2020002
1120200
3100110
330003
3104100
1001301
324
101430
120330
310320
3002010
103320
430011
140004
1210023
1202220
2303001
1001202
2112
202020
3213
33021
2010201
1001043
240012
3022101
3301101
1002000
1400103
1022301
402120
2221200
200130
1020120
3004110
210003
20310
1004040
111000
2130000
4020021
340110
1013100
103140
2300310
243000
41031
430020
2000421
3104010
31302
4010040
130023
200034
3400002
3030102
213102
110133
104202
3002220
3222
22221
400131
3000312
2130201
2230110
1103310
30033
4020210
411000
1013004
120420
11304
1322100
320010
2204010
1203030
3122001
331002
230100
202032
42300
2010420
3120300
40104
1321200
314010
4212000
2021013
3101202
3013011
320121
40203
1031130
104400
310200
10224
3021201
41004
402000
312012
4011003
2321100
2120010
1201020
4022100
2000340
402030
1400100
1200042
3212001
102231
3002103
2003031
31101
40101
11034
3031002
1104300
1240200
33120
231102
301131
3010230
1230201
3100104
2310030
1422000
4010130
103410
3004011
4220010
4104000
4100220
3010011
310041
2403000
3201003
1200231
22302
0
401220
13140
301113
2121000
3420
1001331
2000124
302301
11133
301212
212013
104001
4100022
1040400
1040220
10200
2020113
40401
211302
221202
11130
2000013
200202
411
2000301
300120
34200
21303
301002
1100400
2000040
2231001
400041
4023000
3303
222003
1321002
2221002
204012
1002033
1020012
224001
12102
2203020
3020031
330102
3121200
2030031
2000133
304110
1431
1101300
302004
110220
103104
12012
330030
1400001
320301
1213002
2011320
310140
13011
2301300
2122200
3000201
3100113
30111
4013100
2032020
400320
32400
1020021
210402
3000024
2100330
3200220
2301021
1100130
3102003
240102
310221
1300104
41202
2000400
2031201
3210210
401010
3000120
140100
20211
1301004
22011
130401
21240
3000213
140202
1010100
120201
1000413
3202110
3200001
2002041
31140
2400012
3103101
10233
1003311
320001
1312002
1310010
200232
4210020
3200310
21120
2320110
14100
2033001
33
1100310
1042020
1304001
201000
3110220
3301020
4001202
1200210
32022
1002012
201
202041
10422
240003
2201100
3000141
311130
1204200
12
201123
4010022
2210310
20130
3101400
130221
3010101
2012202
110313
120312
2001030
2210022
10230
411030
4040010
3114000
4102200
4022001
142002
204210
31212
2220030
2010123
120402
20421
1410000
2013012
2010033
2002320
2000043
2310120
120033
2302110
4220001
1302102
1320300
402003
2421
4200000
3240000
34020
22032
1022013
1220013
202131
1230000
403101
3402000
11331
313200
140130
211230
113040
3000114
3103020
2000112
2010003
1120302
1130001
301320
3201021
2013003
2030103
320112
1110330
3001011
4000014
320220
1010022
213120
2030010
2201040
3020400
1402002
3021000
300030
2300022
2210013
300420
1010322
3310020
1032
3210102
1202310
2010120
10023
3200004
110031
1320210
301104
2040300
2312010
2100102
1120002
300402
43020
1330011
110001
213003
4221
231021
130020
2014002
3110400
4100310
322200
1100103
2032110
4020003
1004310
201420
2040000
1212003
1002
221310
2001231
342
121230
3102300
402012
3022011
1202040
404010
201240
21204
301410
420030
420012
14004
3011040
4131000
121203
4110
2003220
3010212
4041000
10221
330210
220212
200400
11430
234000
1002213
312000
213
3010131
4001400
2032011
134100
132102
2330010
1320120
2302011
2200212
4100400
2000304
221022
3010104
111330
2200023
230220
2322
122220
4002003
230112
312003
1042002
420102
114300
43101
3020004
102021
414
4201200
110232
101202
440010
2400201
1101033
3100311
3011013
310020
21330
3102210
113310
100113
100212
1330020
2003022
3110202
211200
2124
130320
2201013
10122
3000012
1440000
3002001
2420100
1221300
2340000
2300040
1004301
120102
21
400203
1031031
1010004
210204
202401
2103000
102120
2100231
2401200
2400120
234
102102
1340001
3100011
222201
3114
2020320
3101301
200031
1003032
100404
2000313
1012023
2100402
2022021
4002
31122
3021300
2240010
2420001
1140000
103302
3120000
201204
400200
1131003
301041
301014
1413
3204000
4001013
4002012
302400
2102301
30012
130122
3011010
2200302
3040002
1120320
3401001
310014
3001122
4011300
2112300
4011
33111
230130
100014
1320201
1110030
100230
1003101
220311
34011
1300023
321003
3000222
320031
2100042
2020212
2002221
101010
1233000
3031110
3210
13311
1304100
220014
2120202
21003
2030121
212400
1031310
300231
1200321
1023102
2013102
2001213
1302000
2023200
3101001
1000203
1020240
21312
12330
131400
40221
22410
2002002
2104020
100332
20241
3202020
1221003
201303
3120102
2000004
2204100
1103031
3110004
4310001
4002021
30411
1302030
402201
3101031
2002203
1122030
2112030
2002410
4200021
1002030
141000
3002013
1320012
200040
200001
2024010
220131
4140
1222002
103023
2011230
1022010
4014
1230120
1130031
3020040
20031
1022100
3103011
1321020
1113003
103113
4122
2300202
121023
4010031
2300010
2302101
102033
2024001
20004
24201
2220000
1212300
1010202
201102
1410030
342000
413010
4212
114
3102030
202302
4020000
120321
131004
2200002
2013210
4000410
312
1040301
3201012
340101
3000321
1040310
1003140
21222
2001120
311010
14130
2001300
302031
3004002
404001
110100
4100004
1030002
2211030
21420
112002
322101
2121030
22020
1000011
1104
1020204
100431
3001014
303300
4000200
133002
1001403
3101022
111303
31410
3023100
1030032
240120
2340
1301040
1002210
401103
241200
110103
3021030
1223100
10113
201012
22113
1230012
410013
2210100
230202
1031400
242010
40131
40014
2300001
4020012
232200
2101023
1300302
4012020
3101220
2011002
1030104
2002122
1020030
1003122
1300032
3211020
220302
42000
121002
3011400
2302200
3000132
2020122
2000220
100110
1301310
20034
1300140
1100010
4110300
1001013
214020
3000042
3141000
2210010
1102302
2200113
1002240
1000404
4110003
1203300
23022
41001
332100
1213200
12132
21021
2210130
100242
1212
333000
233001
1031001
123102
1013010
2230020
1102230
3020001
3002031
130032
1022220
3020100
2010303
33201
1003410
3201030
2301102
1011000
3101100
2012031
102222
4000113
1023210
322011
300222
102
1032021
134001
1320003
300210
1031100
1400022
1110000
1001010
2000331
1004022
200421
200112
11022
2000223
2203110
1100220
1032102
3302001
33210
1004202
1230003
10020
1033020
1020033
201231
2133000
4200102
114030
103311
13023
3401010
112230
2201031
2010402
2020230
12210
3031101
1010013
22041
323010
4031010
2032002
2021004
311013
2302002
2012040
200340
3301011
4401
4410
3002100
20412
1100043
110301
200412
2022300
1003020
101034
322110
3000033
113013
200103
30120
20322
222021
3031200
2402010
1013301
3202101
1122000
2203101
3011310
2131200
122130
1000020
1300011
13320
2002131
2130300
1303002
1021302
20301
20010
1002120
3032100
2000310
1030014
10044
2120001
200310
2030301
100143
1001100
3400011
210210
4311
4102020
1310310
24030
1003041
3210021
330300
1034010
12420
2023011
3220101
1012032
4130001
240030
2202120
104004
13104
1200300
3002400
1000302
1240002
1103400
4002000
4301010
2210040
121302
4003200
203004
3101010
223101
