3200021
1020302
221030
2003000
3101003
13013
1001024
1201202
2012102
1313000
2230010
31031
4301
230111
201041
100421
2020310
101330
12110
31121
1013021
100112
2110130
301220
2041001
1031021
2022011
31112
3202100
2113001
1002104
120320
1200212
1030130
2002100
2002130
1101032
20420
1230020
2102030
1000001
2102021
23012
2021
120401
233000
2013200
1040
241100
3320000
1102202
200210
41030
1214000
1104200
203021
100031
100001
1012220
112001
104201
2000201
1201220
21140
4100120
1032002
400130
100133
3113000
3210020
3300110
3000221
1311002
1100231
4010
3122
4013000
303020
11213
3001112
112031
3011021
22400
1021001
210014
2201000
122030
123200
222002
410021
4112000
1004300
131003
103310
200012
31211
2003021
1402001
1021220
122201
200300
2310101
1002023
302
1301
102212
2022002
3013001
1300310
1010030
110000
2210012
103202
10001
4200020
3120200
201110
10142
10331
321110
210200
320012
30140
11102
2100101
1220
2312000
1130012
12200
30101
111020
12011
120002
1110002
40301
10214
1004003
2102120
11312
2011220
1032011
130040
1201004
410201
2021030
1102010
4110020
1304000
1000004
400103
131201
210140
4201100
1200020
1103012
111032
2031200
1311200
410102
1402010
2030111
1003022
21320
2001104
4220000
2320010
230
1112030
210410
120113
2230100
3220010
1201010
2100113
120011
300200
312200
2002040
123020
1200122
32210
3041
124001
4100030
3100022
211001
2210201
1103102
2321
141200
2000003
1400120
4021010
113000
2211002
130310
4031000
2023010
3011210
2020400
1040021
1102013
2100410
112220
41120
3120020
1100303
2010110
3000320
21023
3000113
210203
301100
1202201
103040
11204
3010400
2020031
1112
1113020
310220
22031
13121
3200030
20000
130013
1100120
1021310
330200
2200013
2300
1003220
1200140
31301
1030121
211100
4000001
2020202
203111
311201
2010200
1200410
101213
1100330
112013
322010
1200110
3100040
4020101
410000
2111300
1011020
2000000
3010103
220103
2001212
2030030
1030301
1132100
13202
210113
14210
4000310
422000
400022
102401
302030
11030
12032
420011
112010
3001121
4004000
2103200
1013000
2102210
2100041
102131
1310300
3100220
2212100
133001
1310012
1100210
200231
1020014
2002010
1410020
1210022
2014010
22220
221
3101210
202112
321002
2120120
24011
1100201
40100
420101
221012
3230000
110030
311030
2031011
1020401
140201
4130000
1000304
213002
301130
2101202
401102
12410
1033001
4001012
1012031
2040200
1124000
1213100
1110200
300110
320003
3302
110303
31013
1002101
412010
123011
2102000
1000043
110231
2020220
1002221
1100012
2013110
23102
1013102
2020112
3121100
1241000
300041
1121300
1020110
30014
212210
4211000
1220030
10133
14102
4102001
1302110
303011
30104
404
1412
2010203
1003130
41300
12230
1011032
2120
3200111
2402000
2040020
2004002
400400
2300111
100043
10232
201113
4001000
4003010
1010003
2130110
2100212
1002140
132011
1300040
1031030
4001201
101003
102104
4100000
2220020
2200211
1102310
1100123
120020
2103101
1231100
2210102
1210031
200021
20240
1421
2000021
2140010
204200
3311000
240002
1012010
2011004
1010132
4004
2032001
1201040
4120010
2011022
11303
2022020
2002004
310013
103100
4022
3020000
3030200
2310110
113012
1204100
2021012
2201300
2020001
2002022
2114000
1131200
1400003
200033
1030001
1001030
102203
401210
1232000
2040002
301040
2103011
32021
1130003
23000
1013003
1410200
12302
3300200
2201030
120230
1102130
420110
200003
3003101
200330
1000301
3001031
1123010
103013
341
3100202
3010040
1020023
1210040
100301
201101
2301020
32030
11000
4200002
2033000
1110203
310001
1032101
30410
230000
2001023
3104000
1240010
200102
2010011
221201
2420000
3300020
1020113
2204
102110
3200
2130011
322001
2110310
102230
102320
200201
2402
3131000
2000033
212102
2110202
1133
3103010
4010102
1101020
1300211
1003121
104120
320030
1030010
4301000
100010
1014002
131102
4030001
4010021
2131010
1102004
1000124
101402
4000100
1000430
1201130
21230
140210
211400
3100100
1210220
2001221
310211
300032
2121200
1022012
110102
202211
1121030
2220110
4210100
1401020
2040101
240011
40112
3122000
4022000
3300011
100040
22010
1020131
1002311
104
2231000
3101300
23111
4121
41201
21113
130031
1102100
1103201
20213
1022300
2311100
2103110
100211
4021001
4010120
201023
103001
40013
214010
1230002
2200103
201104
3001301
4001102
110033
4100
112004
110024
323000
2030201
2021201
104021
2302010
2110040
2122010
1212002
1103021
2012201
410
2010302
1121000
2002103
410012
202202
112100
20114
3200000
1200302
1103120
1102031
1100132
12203
23201
413
3002000
2003102
204110
220001
103130
1023101
1012022
10112
2141
2013002
3000122
1222010
1120310
104300
100034
401
311120
2130002
3000311
3002111
1103
3203
1201031
13040
20012
3100121
3100211
21011
2000012
300221
1340000
4400
3004010
1220021
32102
1020122
1322000
4100201
200312
1021301
2002211
1100030
32300
2001320
40022
11402
1022000
3011003
4000130
20300
3001001
202220
10220
14
1133000
4010003
14120
1003031
1122020
1012400
1010012
1203200
2031020
113030
312002
2110100
1310003
320
221003
220040
1301102
200132
2020211
10412
3010001
3004100
2000111
4100210
4000022
200321
121010
212012
11024
3000203
102032
1010420
113102
2114
1400210
1203011
2003201
1110230
2100221
2001140
1121
4102100
3031001
1112003
1200104
1000142
1030202
1312100
1003001
2211200
2101004
10304
3021011
1330100
2102003
1400102
124010
11120
30002
4000211
204020
202013
1310
41
301211
30320
2000402
410210
101312
22121
1000034
1113200
203120
22013
110
142010
211103
2030012
3002012
1201400
2100131
241001
121001
2103002
3010130
132002
1202102
201020
1200401
1021031
3100001
400001
2021102
220121
101231
2200220
3020012
1220102
104003
3201110
4000031
3001310
100310
3000032
1010303
3023
1130102
1013
2200400
3002102
21401
2000030
3031010
300101
12140
320120
1202120
2002220
2110031
1102040
2001311
3221000
3030020
3011102
220202
2120102
102023
40103
3011
1310030
2301110
2203001
1030004
2111000
130100
310031
2100401
2300300
1223000
12101
40010
112400
210023
2110022
100130
2014001
210311
1200200
2000303
2021003
2001302
20120
3120011
121022
21110
2201003
1300202
1200230
3013100
1030013
2100140
110201
3203000
2213000
33110
4013
113210
24110
3002300
3001202
300023
111023
1400300
3400010
3014
43001
2010131
202100
1200113
2001011
401120
220112
2024000
311300
1010312
1001420
120104
3102020
1100222
1140020
1001120
20111
4201010
2300120
331010
2301011
1013012
231011
120131
301121
2030003
1003202
201203
100232
1021010
214001
122210
11201
4300100
1310102
3001103
202004
110312
101042
2042000
30302
3002030
4002020
4011002
2020010
332
1210310
1310000
3310010
110420
3011201
1100240
1000214
300020
2010020
402200
1401200
2021120
214100
1130030
3210002
2041010
112103
101210
101321
11021
3200003
4010300
1002113
140120
1430000
2220200
321200
1020221
1001012
42101
4020200
2200010
34010
140021
2222000
3023000
31400
13031
2010014
440
1100204
41000
3002
2040011
1021100
410120
1022003
1001300
1230101
1300121
2000141
21131
140003
210320
2004101
2004200
100004
212030
130220
200222
1023011
212201
201221
1200320
1001033
20231
222200
1100420
1014020
120041
2000222
1120031
2021210
20021
1001042
3031100
20033
14000
10100
1003400
3000131
10034
1303010
32000
301013
21302
13010
402011
2112200
102020
101000
104000
1201100
1101002
300311
1022210
4020011
131000
11
2011010
10013
1001321
220211
401000
130004
400040
340100
310004
1001213
1002014
113120
2210003
3002201
101204
201011
1201301
1100021
44000
1041200
32012
320300
230102
1220012
32120
3001022
220013
4040
141020
4103000
2030120
220004
1200311
110012
41102
3200102
2411000
2001230
313100
31022
3300002
3000200
1000241
2000300
22103
3000011
401300
320021
2210021
2101220
1023020
2012030
3110210
2200301
2110010
3200210
220022
4000004
1031300
31100
3010121
140300
312020
110300
2101130
30401
2000114
2130200
3000041
200141
430010
1101302
30041
14201
3201002
4002101
20030
1003040
21020
4000010
3020201
1300400
3021002
2010002
1120013
42110
1230200
330002
1200041
31040
131
102221
1320200
3000002
3101021
100412
1131002
422
3100031
1003010
2122001
2201021
3110201
104210
3003020
1300301
1121003
1000421
2200130
2220011
2041100
120410
110021
2400020
3301100
2120021
121220
310040
1420100
21032
12320
141002
311012
4020002
311000
200240
2011103
2201
1001021
1010000
3010100
2202110
3012110
2121002
210101
1211
1030100
3320
103400
100403
1020101
1223
110132
201401
3130100
310130
312101
1130210
1011203
21221
4012010
1140200
3110012
402110
100124
230201
2011040
220301
41210
1200032
3030011
102101
21410
12401
3021200
120140
300122
111230
1103003
1102301
20210
3111020
140012
10124
3401000
320210
31010
1020140
4001
2221001
1041002
3021020
2003210
1002302
110330
40400
1013120
3022100
3013010
33011
10022
1203002
3000023
210302
1001210
3102110
2220101
2012012
122
21212
2002202
2212001
31202
12113
3230
401030
1031102
1020011
1000412
2210120
2201120
133010
100100
201140
3210200
3100013
410003
1211003
2100014
231110
3040001
2
103301
200123
1031210
12131
12221
1031003
1210100
3201011
400031
222020
220220
310202
2200112
3030002
2112020
1001330
1210130
2101400
1202012
20102
1300010
1300013
1222001
13022
303200
4001003
20003
340001
130130
202301
1022120
3212
4300001
3010031
2100122
2030210
113003
212021
3010310
3211010
1130300
1020032
332000
4121000
301310
1200023
2003120
3200012
3003011
3001004
221120
1403000
3102200
110123
314
3210110
1131020
1210013
42011
20411
300302
3011000
230003
1300031
4010201
1002032
202040
122102
2220002
2320001
1000031
1301300
2200100
2022200
31220
2132000
4101002
210020
200420
1042100
13400
1021022
10004
2002031
2401010
2001410
311210
203
3000101
202031
2010212
401021
1300220
2000
14003
1020104
11222
20303
202130
314000
1211030
101033
2011100
30110
131210
2202200
2003030
101201
4003100
2012021
41021
11420
3212000
1320020
100430
210002
202010
2211020
1010210
3113
1000112
3110120
3000410
1400201
3020021
1020410
1331
134
210011
4202000
1100300
2100023
3032
1213010
200402
10130
20312
1100000
3103100
1000211
110222
1102400
20123
2123000
203003
1013210
3012101
4011020
210032
2000123
1011200
1012301
1021103
10040
1022
1301000
1034000
3021101
4200101
2200001
133100
3120101
112202
210104
3220100
302000
103121
1042001
1330001
23003
1403
1130120
1021013
2020040
421100
101120
33002
4020110
212000
1211000
1004102
2001101
3020030
3301001
223100
2101013
120110
3310001
4002200
1000403
1000010
1043
3100010
3001220
1014200
24002
12023
3201101
112301
2020130
30203
3010013
103103
2310002
4101020
1400021
302201
301010
200204
1001231
100142
2100200
1033010
1001102
110120
2400200
1220201
100223
100013
1040201
1001123
102410
321011
231200
203210
1021004
3111002
111203
122300
22040
1010213
1340
3112100
1400012
1101320
2101310
2400110
1321010
2101001
11123
3032000
2120003
310301
1300112
121400
102011
11042
4011200
143000
1421000
1110020
201002
13211
3012002
2000204
1022102
310121
304001
10202
3022001
212003
4031
102311
101012
1130000
3010022
11210
2123
411200
22100
2003300
2000132
3000302
4000202
1023200
2102201
1040012
10310
3310100
230030
402101
1000130
130010
100313
1003112
201122
2300003
30230
4000103
3311
411002
421001
40121
3302000
4120001
1032020
2210210
4110200
4120100
1020020
2330
4001120
2100230
2300012
1040000
1312010
302210
2101301
2302001
3002003
1100003
13130
120122
2203010
4000220
1000400
1010231
4310
121040
3012011
40211
330020
1301003
1103210
3121010
302111
1230011
1001402
1201310
200000
1001303
140102
3000140
1312001
1204010
1011230
1012004
2100002
2001002
11033
3011012
12041
2400002
2000120
1120022
2104100
1302011
2011013
1010120
3011030
1000340
1002401
22112
1030220
3211001
3102101
100214
11240
2301002
3011300
2110103
211220
211040
4310000
3001010
1320011
1202021
1021130
2031110
2004011
1000223
1000232
1200203
2100302
1101230
121202
320111
302300
1302002
420020
1320110
2101100
301103
2101031
1100042
1004030
4002011
30113
134000
1212200
1310021
201200
2010401
1032200
4021100
1101200
1100102
1010240
3111200
1003100
221000
30011
310103
1100024
1122200
2104001
311
202121
3001211
2020004
240200
1000103
311003
110003
10421
3110030
1002200
1024010
1020041
2004110
240101
2020100
1220210
1231010
2311010
1202210
120212
10121
1331000
2000024
3020111
1040102
3010211
114020
2111030
1010024
121301
211004
1120301
300014
403010
3210101
321101
300203
2000102
3201200
1300130
1000310
2400011
2201210
1010102
2120030
2204000
3401
1221200
1012103
30131
103112
4100300
4102010
1300004
2000312
1132001
1201013
2011031
10301
2130020
4200011
20201
100121
220400
13112
4040000
1000322
1103030
22301
1240100
301400
221210
110321
2103020
3022010
3012020
4000112
1112000
1301012
2210
3104
3301010
2003003
3112001
3020210
123101
40130
2012300
1132010
3030110
2001041
3100004
3010220
1000202
1000040
302021
1002410
211010
2310020
2033
14030
2011001
2200031
3030101
23300
1010042
2022101
1400
2420
132110
2120300
10010
103220
3001400
2030
1023110
2013101
230300
1210202
3120110
21014
3100400
2221010
2012210
1043000
1104002
203012
2102012
2002112
2210000
4012001
112040
1400030
4210010
242
201410
1201001
4130
1030310
300011
40202
2014100
3101120
104012
1202000
1300103
103211
2102
14021
2010230
323
4211
3003002
3041000
1020200
2020022
2120210
230012
20042
4100003
3110300
1200011
1120040
1120001
103004
1013300
23030
2240000
1120010
2221100
1100402
10223
3110102
11321
4112
4010000
3101000
1001204
12212
402020
230210
2212010
2130101
1200131
1040120
2100032
2200004
3000110
213020
1231001
401201
3011120
32111
2202002
300230
430100
2101103
22202
1004201
1304
211202
3130010
4001300
1214
1204001
1301120
42020
40001
21041
3001100
23
303002
20132
1031201
10103
221102
1303100
303110
120032
1010222
312011
1030103
1000022
213101
110213
201014
3020102
131030
4003001
2410010
1210301
1301021
121100
121310
1400000
1203020
110240
130202
1110023
2110001
421010
104102
101132
400301
1221002
1013030
30023
2001032
1240001
231002
11330
1220300
2210030
1002212
121130
3010112
30212
1001222
120302
1033100
1023002
111320
2401100
2100104
321020
220310
1011023
22001
10322
2010221
2002310
200
123110
2001110
114002
2102102
102002
1200101
42200
4002002
1002230
1003211
1310210
22310
330110
22130
3410
30200
400010
2002301
2013011
20321
1010204
400112
1030022
3010004
420002
331100
3110021
211301
113021
2020013
431000
130022
20024
2132
124100
211310
200411
2000330
131300
21101
3100130
21002
1001003
100400
231101
4030100
300320
2000411
132101
232001
200024
43010
1004120
122021
3100103
3000014
4100102
3211100
3112010
1412000
1420010
1120100
1200014
212
110204
1103000
1010033
20402
20330
1012013
2101022
1010201
2231
210122
2030021
101300
2001203
413000
12020
211022
2411
3410000
2031002
2131001
100304
2000420
2141000
1203101
2010113
142001
302003
2002001
1120202
203201
1201022
100340
2102300
410300
212300
313010
2104010
30122
210110
1020203
1030031
130001
2110004
1024001
21311
231020
1213001
13004
2202020
2200022
1004210
102014
210212
331001
10400
1210400
240110
2100203
2202011
200042
2011130
3100112
400121
4030010
2200310
210401
30032
1012040
221300
1123100
121013
111002
310112
1302020
2100320
2042
2000231
1110032
101024
301112
4200200
110402
121103
1012202
212120
401012
1211300
1202
100022
3002210
100331
201032
1130201
2201102
40004
11300
3131
4010012
240020
2001020
400004
10430
1202003
3100310
2200121
21203
23021
311021
1210001
300212
1104020
222101
4101200
1000100
2010140
210131
1303001
1321001
1040300
1022030
2032010
3002120
320201
301301
2030000
1100033
2312
1041020
2240
3140
2001122
120101
2030300
230021
2040110
203030
2202101
2004020
313001
1310120
220010
1000121
111200
1301030
1030040
10241
2031101
4220
3110
1001
131012
204011
3300101
310022
102113
4100021
2012003
1142000
101303
103022
1001132
2300030
2300021
143
2030102
1003013
1000313
30221
3014000
2010320
1011302
1001240
3040010
213200
123002
104030
102302
1220003
2003
2001113
12014
2022110
2010041
224
201311
403100
1212020
1120220
101420
210230
1130021
1042010
1031120
3000212
400220
1000133
2112002
1101023
200120
1002320
3020
2000240
1002122
1420001
2122100
120023
1022201
1011002
1430
2330000
2301200
2012000
420200
2113010
1012100
1202030
4200110
1001312
311102
1002110
112130
1010321
11012
1020002
13220
1020212
121031
122012
11231
32
22004
1130
221021
4000301
2111003
210221
201131
1142
3001040
1120130
410030
302102
32201
1313
102122
3110003
3200120
2021021
2003111
1003310
1002020
4000121
2002121
4400000
1040030
3100301
3012200
201230
34001
13100
130211
4010030
2300102
1010123
142100
12104
20141
3040100
31004
223001
2110013
14300
10340
1232
3210011
2321000
2020103
1300001
2011310
1002011
3200300
2320100
304010
42002
312110
2302100
2410100
2121020
202022
24200
2210300
32003
1200002
2100311
4300010
3020300
1210010
1100312
113
3121001
1330010
1031000
301031
22022
12002
10043
113201
41012
203300
2401001
1241
1402100
401003
1102103
301022
202001
1322
4020020
2000210
130301
201320
22211
1320002
2311001
1002203
1003103
113300
220100
1120103
2032100
3004001
132020
330101
33200
3010301
220031
1021400
204101
3020003
430001
400013
230120
241010
3000020
2200040
330011
302120
2201012
100103
1004012
131120
203000
3000401
13310
1004
2100020
232010
1030211
2021300
31130
2010023
2201201
3101201
2310200
30020
1410002
2110220
3120002
2000321
3000230
1012130
114200
200111
3103001
3001130
140
3102002
220130
2140100
1120004
1203110
201302
1010021
3101102
4210001
1010300
3102011
3200201
1200221
340010
1010402
201212
21122
3400100
242000
2310011
101030
103010
300410
100202
1032110
223010
310400
23210
101021
10211
122000
301004
322100
1230110
1320101
2100110
44
121004
3101030
1002002
130121
14012
2410001
202310
2012120
2011202
101240
200303
1003004
310010
1100321
2100011
31103
1021040
110042
3202010
3202001
100241
1021202
2011301
101222
440000
1201103
111302
33101
2010104
2023001
1024100
1300100
4000040
400202
1100213
40040
1302200
4201001
1100
2024
400211
211031
341000
2140001
1031
2002013
1110320
1401002
1123001
130103
2222
2001014
211013
2000042
403001
1102220
301202
1102001
1013201
431
400100
1221020
130400
2120201
3101
2020301
3001013
41003
1222100
100322
10403
411020
21104
4110002
102200
3201020
1010330
2110301
43100
1202300
1020230
2011400
1001201
2230001
3000104
2300201
1120400
412001
2111
404000
200213
2013020
1000013
2101010
300401
300104
40310
2120000
200030
140000
1301201
222110
131021
222011
3003200
233
1030400
120221
100220
1011320
11132
402002
140030
1102022
120311
1220000
1210103
130112
2101040
2010410
301001
300131
2010101
4001210
103031
302012
1012310
2001401
2213
101102
300002
1112300
2020121
4000400
1302101
13301
1301210
34100
224000
1311020
300140
20204
112022
2001200
400310
3400001
3110000
4010210
1020311
2300000
2303000
310100
11003
2203100
1040003
1030112
213011
320102
203102
40220
20222
1002041
120014
2131100
2120012
2003012
13103
3220001
4001030
1110302
101123
2010032
2400101
1140002
1113002
2110400
120203
2300210
3010202
202103
101
2113100
120200
304100
1012001
210041
102041
3003110
20
2010311
3101012
202400
2010122
1122002
300113
2012
1300022
3010010
310310
40031
4100012
1020320
1004021
320000
23120
232100
200114
24101
4002110
2303
2023100
1000220
412100
3020120
2301101
13001
3021110
1124
1103300
2200202
122003
1310201
1004000
1003301
21200
1022021
1031012
31001
4103
112310
2002400
1321100
211130
2001131
1010
122120
213110
2021000
3221
1101203
1040210
10031
1001000
4001021
204002
303101
31310
1034
102140
4000013
132200
2000213
24020
10313
12311
3130001
1000331
30311
4202
1002131
110210
12122
3140000
3002021
1220120
1210004
4012100
33020
