3303000
1023000
132300
301203
2300220
3200022
2003010
302130
33000
1003320
230202
312
1230003
2230002
333
302103
103023
4020300
1300200
2030202
30210
1000233
402300
100332
1332
3003000
3003003
2030220
2000130
2003022
30204
3040002
3021300
3010230
22302
3300003
310203
300321
200010
100032
3100200
3100002
2030010
3020040
320301
23130
4320
300000
2302020
2000400
2000340
23040
3000012
200400
200001
2040
3002004
223020
213003
2232
3320001
3300120
1033200
3032001
1003200
3000033
2301300
3002400
210330
203013
240300
3231000
2301003
2300103
2022003
1000023
330003
213030
200232
10320
30231
32130
13020
2230200
2100300
3020310
303102
202032
302220
31200
30123
3203001
2043000
1033002
3003021
204003
2300004
1030020
231003
210030
1020000
2004003
30120
2100
3024000
2023200
243000
3024
330201
200340
32103
3130200
2040000
33300
2003100
2000232
200130
4230000
1203000
1023030
3002130
2000403
3042000
3010020
3001230
320040
203202
1200033
40020
13302
12033
2304
200304
1300203
3300201
2002023
320130
320310
1030023
300042
232002
313200
230301
2001
4000200
2300040
2030103
342000
321000
3030000
2200020
2300031
3123
2340
30213
4000230
330300
3004200
320100
32031
13320
23013
3102000
2013030
3000024
432000
201003
300330
2023002
213000
120
423
4032000
3031002
2003301
203130
32220
3200001
3000102
3000204
10233
23031
3300030
3200310
1003302
331200
223002
1000032
2133000
3132000
2300202
3100020
1002303
303201
4002003
2301030
2022000
3000
322200
324
4020000
3310200
1020030
120300
203022
302040
1230000
20313
3040020
310200
203220
24000
20004
2130000
1200030
2003004
1000323
400320
1302300
3010203
420030
13002
3120000
3102030
2302002
403020
200043
2340000
3021030
13230
4020003
3130020
2300130
2000223
233010
332010
130200
3220020
1200003
1030230
2000133
420300
13023
1200
2020230
32100
4030200
2403000
2320002
300033
3022002
2202000
2302200
2001303
204000
22023
234
3210003
3021003
34002
213
2020203
2100000
300303
2010
3310020
1300002
220320
302031
43002
3301020
3000321
3000042
321300
201300
3300102
2004300
301200
202320
32004
3302100
3000210
1000002
123000
200004
4000002
1323000
2320200
3200301
3001020
34020
1230030
3100032
1003230
3000021
2100303
2000022
340200
4020030
4002030
2100003
133020
2331
402
132
3230001
2103000
2202003
2002002
130230
133200
200103
2200320
103002
203001
23010
302100
43200
23400
4003200
3300021
3020301
3020031
330
21303
3201
1002
222030
200202
3240
3202020
2004030
2002320
2003040
3000402
3002202
3003102
340002
2303100
1203030
3021000
1020033
1030032
220203
320022
40230
222
2000103
301302
20040
4302
2130
3000312
123030
120303
1320030
3320010
3203010
1030320
3002022
202023
100203
34200
3200031
2010030
1002330
102030
2030130
2020032
2001330
1003002
312030
203040
300012
10002
2220
3102003
1020303
2003220
300102
333000
1300320
23103
10332
20031
3301002
400032
3312
342
3400020
2200032
1030203
3001200
400203
20043
3042
2013
3200130
230013
320001
200403
200133
3000330
2001030
402000
321003
31203
234000
323100
201000
2002230
3000222
100200
30201
2031
303210
103302
1320000
1303020
2031003
2000043
132003
201330
3240000
1233000
3130002
133002
22203
3222000
1230300
2030301
1002300
3033
3201030
303003
3303
3132
3012000
3030120
30
23202
10032
31320
10323
2020302
2030004
2003400
2000031
330012
300210
4320000
303300
3013020
3000240
323010
3103020
302202
100002
3012030
120330
12330
4200
432
3210300
3200100
24003
20103
20304
330021
1302
3001002
3030201
232020
2100033
3001302
201033
24
3200004
3023100
22230
3002103
203004
300024
30003
132030
330000
3201000
302010
200430
100323
42300
1200330
3030012
3
130320
302013
2300001
3032100
3032010
1302000
303030
3022200
430002
3004002
3000201
331020
201
301020
31032
3021
1332000
1300230
2013000
1023300
1032300
3031200
3010320
300222
3102
2003202
304020
300402
2331000
2303010
3100320
2040030
2032200
2133
2033100
1002003
210033
10302
1203
420
240
3020001
3003201
120030
303120
30012
100023
21330
33210
4200000
3030003
1000203
213300
202020
21
4200300
4300002
420003
20331
3300000
4003002
1023003
2001003
40203
3120003
3201300
2000310
20400
32040
3103002
2002020
2000202
202002
42000
2203020
2100330
403200
232200
301023
2033001
402003
43020
2223
3030300
3003012
323001
210300
23004
4023000
230031
103320
13200
1303002
2010300
2000313
2000040
33030
2020020
2020002
3210
204
1300302
223200
304200
202200
20340
3003300
2002200
230100
203103
300213
1302030
3012003
3000120
42003
21033
300312
42030
3231
3213000
2203200
2300310
3003210
201030
32301
231
3123000
30303
2010033
3002301
20403
3120300
3200220
3000231
20100
30420
3210000
3302010
2034000
102033
1020300
1020330
2001300
3220002
3022020
3020220
1000230
130302
2000322
400020
23220
300030
1033020
2033010
2013003
2004000
430020
120033
301002
3000300
2310300
2003103
2000004
430200
31002
2310003
2000430
240030
231030
203010
200031
2023020
220230
40320
3030
300021
22320
2202300
2031000
30330
30030
3020004
24030
23022
4300200
4200003
3301200
204030
200331
2300400
3200013
20430
20202
3400200
1003203
1000020
12003
2203002
3012300
3222
3302001
3000420
321030
103230
20013
310002
300120
20220
1330002
3003
103032
33021
321
4200030
3102300
3023010
33120
30312
203310
20322
4002
3402000
3321000
2040300
1020003
120003
12
3000213
302400
102
310020
230022
3033000
1200300
1030302
2000034
320103
3200202
123003
302301
300123
300420
32022
3204000
1203300
3010200
3003120
3000132
2130003
3103200
2200302
301032
100230
2220300
400023
33201
30024
3204
420000
301230
2313000
2103030
2031300
3010023
2003031
310032
102003
30222
4302000
2003310
230130
2300010
2002302
2003013
310320
230001
4000302
3300210
3300
330120
230400
202230
4230
10023
4032
3402
3312000
2010330
400302
130032
320004
2030013
1003020
22020
30321
1200303
3100203
3020013
2002032
2000304
3040200
322002
303021
300204
2022
3203100
2020023
33
102330
32001
2303001
2031030
3023001
303012
31302
2000100
402030
3321
3420000
3220200
2330001
3100230
30300
21030
23001
1330200
1302003
2300301
3200040
2000301
3230010
2010000
102303
3000003
3002040
230010
2010303
132000
23310
3002031
30240
2004
4000320
303000
2103003
2200230
3020010
312000
100020
30033
3020022
3001203
1000200
1000302
2020200
2030100
222300
320013
2043
4203
2000010
210000
312003
220002
300240
2030031
340020
231000
4020
1303200
3200010
300003
2032020
3001032
210003
1320
3202200
3030021
3001023
332001
220023
240000
20022
2330010
332100
330210
30402
3100023
403002
2034
2130300
2003130
1003032
100233
1320300
1320003
3020100
3002310
100302
2400300
2400003
330030
3010032
30102
2330100
302310
200220
200322
32013
4002000
3000303
3020103
40200
3213
1002033
330102
300300
310230
33012
30000
302004
40302
13032
243
103200
200310
4030002
2200203
3004020
123300
220302
240003
202302
200022
2220000
3031020
2030022
1000320
2000331
1233
2301
3000030
1203003
310023
32310
30042
2430000
320202
220020
130002
102300
40023
3000000
4000203
230103
4003020
3030102
304002
203100
2020320
301320
10203
4203000
3201003
2030040
3002013
32202
2403
1020
0
1200000
2040003
40002
1032
2200023
3002001
222003
2400
400200
400230
200013
2202030
233001
204300
3100302
331002
12303
230310
203400
200100
21300
3001320
300
100320
22200
31023
2310000
2032002
3020400
20130
2320020
20133
2322
2304000
1032030
1032003
2002203
30021
2230020
2310030
1300020
2430
2022300
322020
200313
31230
20310
3230100
3320100
3002220
130020
300201
3200400
2100030
2300013
2103
22032
1000332
324000
320400
201303
21000
1300032
33003
2010003
2000013
102000
21003
3420
1023
3400002
2232000
2301000
202203
12300
12000
2322000
2200002
3013002
423000
203031
2000001
220200
230004
2022030
20034
302001
40032
210
2001000
1003023
120000
310302
103203
2310
3330000
3300300
3030030
3030210
13203
20232
3003030
4000020
3210030
1300023
10200
2001033
312300
2400000
2300100
2300022
203301
2202
23100
22002
300132
20301
10020
4000032
1330020
3300012
400002
130203
1230
3012
123
3002100
302022
32400
1323
2313
313020
130023
313002
2223000
1030200
1030002
31020
4002300
2013300
3020130
230220
231300
33102
200040
3120
2220003
3020202
1002000
1002030
3002010
4300020
2400030
3010002
200301
3000123
230040
103020
200223
2130030
2103300
1032000
303
30132
20001
4030020
3120030
320031
200034
23301
2030400
3330
320220
300231
20223
20010
2200200
222000
233100
220032
10230
320010
24300
3200103
2030310
3010302
2030001
2000220
3013200
2003001
12030
32010
4023
4000023
2220030
3310002
3202002
210303
42
