1001200
210100
100000
100
10210
1201
10111
300001
10300
400
2100010
1010020
1001002
2100100
2010010
2000101
1001110
2100001
10030
110110
400000
10201
30001
11200
2110000
102010
103
310000
1010101
1300000
200002
1110100
101011
1210
200020
31
100012
30100
2010100
210010
201100
20011
102001
1101001
220000
1300
220
101020
1100101
21001
20101
3100000
100030
1111
1101100
1102
200200
2000020
1020010
120001
1000003
1100002
1100110
112
111100
2001001
110011
1000012
200011
300100
2010001
3000010
1000111
100300
300010
1110001
201010
101110
1200010
110200
120100
1120
2110
1000030
13
20020
1030
2002
1011010
20200
1010200
130
4
102100
1000021
200101
11020
4000000
40000
31000
1012000
2001010
121
1102000
1020100
1001020
20110
10012
11101
10000
2011000
1010002
3010
1002010
1030000
2200
1002100
1110010
3000001
4000
1100200
310
112000
111001
22000
100210
200110
1200100
210001
11002
110101
2001100
1003
202
1000300
12100
11110
103000
1100020
1200001
1001101
2011
2000110
12010
100102
100003
1000000
2000200
1012
2200000
1003000
110020
1111000
1101010
100021
1021
120010
2020000
30010
3001
202000
2002000
3001000
101101
100111
211000
101002
100120
1000120
301
1
1210000
1001011
21100
211
11011
2000002
1000210
1000102
1100011
130000
1120000
1020001
1011100
10102
2000011
12001
2101000
13000
20002
1002001
1000201
10120
1010110
10021
301000
1000
2020
40
1011001
111010
110002
1010011
10003
10
101200
100201
121000
2101
3010000
3000100
201001
1201000
1021000
3100
22
21010
