2313300
2302023
2033202
232023
42030
301002
303120
303312
2202003
2003220
232020
3320202
3021000
320031
321030
30324
2130330
2203002
1030233
2003022
3230130
420303
2020320
200034
3032010
300132
33
3130302
220200
30003
43023
20322
1233300
2303031
2000013
1020003
3020100
3301203
333012
1030032
2000010
3103020
3300222
2020002
233040
130323
2030202
204330
1203003
30000
310020
3030303
2303130
1003332
230031
1233
2200200
1002333
322230
303012
1003320
230403
4002303
2331003
2000040
4303002
400233
3001203
334020
2400330
2031033
2003400
200334
3022002
3332010
1320300
3031203
1200
3223020
3003033
1233030
2320032
2330031
2000322
3240000
3000000
220023
202032
2100000
2300400
1000320
343200
20133
3002310
3000330
3201003
24300
1332
3000132
333300
230232
200400
100002
320040
133203
320001
2202303
433020
433002
233103
330102
300321
2302302
3200322
3020010
3010002
20304
2013033
2030232
132000
232032
3002022
2200302
2032320
120333
3220023
133320
100200
3321000
4302003
2003133
3313200
2103
330201
30234
2302320
2002020
2000022
233010
3021003
23310
310302
20331
3300123
4000233
3023220
321303
320331
32103
3030042
213300
3021300
3000021
33420
324
330300
2303400
202332
3320040
2130
333120
4002030
23043
32301
223230
232320
3000042
4003002
33330
3300
2003103
3023301
20310
2340003
2001333
33222
220020
103302
2430030
1233000
2332002
1330032
303303
2013030
320313
31020
303204
3312
2320230
3320004
3302004
3034020
31203
4323
2230023
403002
332010
3234
2340000
2013000
203040
3023010
4320030
1023030
430320
220233
4200
132003
20031
4000023
2003013
203304
3323001
310323
2103330
2000232
230313
320340
30132
2400003
1003323
123000
120303
332301
3210303
4032
2031300
3320400
312300
23331
3304200
3301002
3220320
202320
102003
2103003
3312003
20220
2303022
1002330
203310
333102
303231
33021
2322003
2010003
230043
3024000
321033
332013
1032030
3120303
43320
331023
2300034
3013320
320220
2130003
2303040
1003020
3243000
230010
1323300
2304030
2100300
10230
3002100
4002
2200320
210003
3042003
123
2013303
402303
203340
3001320
300213
2130033
2300313
1033020
1000233
30210
1030332
430023
233100
200430
340320
10320
1332003
1320003
2203230
1302033
304302
3300303
2004330
200040
23100
2320203
2002230
22200
3001230
300240
30012
3202203
23034
3000033
3102303
3012303
3033210
3231
300033
2030322
300231
3330201
312
4002000
3203202
3320130
3020034
31023
4203
23304
10323
2301000
2023200
2031030
3201330
230310
103023
3304020
3330120
4003320
201000
102300
2310003
1300032
30303
3403200
331002
1300023
1033002
3230001
3312030
302100
300420
123030
3010020
3034002
3003222
3132003
220323
3304002
4200033
303003
300003
23223
4023000
3203220
420300
13320
3004032
34302
3010023
342003
4030020
2020032
2000103
432000
240300
230331
304230
301032
3102330
3200232
223002
20040
3001332
3002010
3000210
300021
2030133
1030020
132033
130032
130002
3330102
2230002
1003233
3210300
312003
3032040
4320003
2300223
3203301
3030120
230004
331032
34020
3330
133230
120030
201333
3004002
3003204
2130030
23301
3210
3000324
3000312
2002200
400002
230400
3023040
42003
210
2232000
33303
330
230040
40302
3301023
2302230
2003202
231330
23340
222003
20001
300000
2034300
3301032
200202
3032031
2232030
1032303
3012033
22203
31302
303240
3021033
3000012
303021
2300031
2022030
400023
3002133
301332
20403
2103030
2200230
2031330
10020
3330210
303033
312030
3130032
3032013
2043300
1032033
2232
4030302
1002000
240000
233310
200010
3000423
1002303
230103
304200
2304000
3230022
3310002
310203
34320
2300310
2100
1323
300333
3420300
400323
3040002
3000102
2020200
2003130
324030
2133003
1002003
233031
1330302
2200332
2022300
203331
102303
23031
2230203
1300332
33033
2000001
130020
323301
4303200
2020230
2333001
40002
2040
343020
302220
2030400
2000313
30
223203
200331
2300202
402300
302310
3003042
2403000
1000002
21000
30204
1030302
210330
332004
32232
32040
4033002
2022003
2033001
2030430
30423
3003012
1323003
132030
130230
40332
13332
2303202
2302020
22323
301023
31332
24
1023033
330123
31032
1203
2032023
2004303
2004030
3203400
321000
20223
330132
403020
3013020
3300213
10200
3031023
3300030
2030004
3203010
4300023
233400
123033
303420
2023302
33003
2010333
133002
103203
302130
302043
1302
4302000
2343000
2220330
300030
3230202
100023
3330021
30240
300342
3333000
22020
22023
332100
2322
330240
300300
1020303
2030022
3420030
3202032
3120330
3302202
100323
40200
1203303
3303
324000
320301
3002223
2022
333021
3132030
243000
132300
23022
20100
20340
3103200
32130
3201000
200322
13020
3004320
300432
4330020
333000
13203
3000342
1300233
3103023
304002
302301
2300001
223320
202200
2403
4003203
3031230
3002232
302313
3003024
2020023
231000
233202
332001
32430
330231
1020300
3213000
222303
3012300
320310
331200
2000343
3000123
2033220
4203000
2003004
222030
202020
32100
1302303
43020
3324
232302
3320301
3023022
312000
23040
3222
2030331
130023
3032130
31233
32322
2030340
3233010
20022
2100003
2003313
3102000
12333
303210
42000
32001
2304300
2103033
2300331
3200130
223032
200001
300201
2320302
1000302
130233
120003
3340002
123300
300042
3000300
2013003
400032
240003
3040032
20430
1200033
3202302
3302001
4203003
3300330
2203200
23010
3000231
3033000
4020303
3023001
3000402
4200000
2300340
1200030
1000032
232002
32022
2331
2040303
2030001
2001300
304032
34032
31320
2322000
403032
24303
32013
3003120
3230400
320232
3302040
3032022
330402
2100303
3103032
240030
203034
30213
432
0
3003330
2330100
2000304
3223200
3300402
2220
2320200
1302003
2032302
1030023
3310200
21333
333003
3020133
4000200
2403003
2022000
201033
4230
1303302
3102300
32034
2320020
2310033
3320310
3023310
3002130
3120033
232200
100233
3023400
3020202
3033012
3204300
103032
21033
30123
303000
2030034
210333
320430
1320000
403302
3013023
3331002
3200403
3002004
2233002
3302220
30420
1203030
2040330
3240003
213303
3320013
3020232
4033200
2220033
1203000
2031000
220230
200310
4003020
222300
303213
300102
2010033
313020
331320
330312
321
4032300
430302
1302330
2020332
3400320
3103302
3010032
330420
3400020
3320001
313023
2001003
3402000
3200340
302103
32310
3132
3123030
3202020
200232
32340
330222
3003003
2031003
433200
2000430
3200031
320130
4332
33042
3022302
1230000
2323002
2300322
1032000
2022033
120300
20130
3004200
3003030
4000032
1200303
2004033
223020
210300
3001302
2313
4300320
1033302
3432000
3403020
3220203
3203001
3303003
4032030
1330320
3013302
23133
10203
3231300
4000230
3002034
1200300
3222003
133020
20004
2303103
2003010
1000332
220320
204000
22302
3024003
323001
4200003
2400033
2001000
430002
223023
130200
42303
3003
3133200
3100200
230202
322302
322032
3032301
4332000
2130300
1300200
2003331
3204000
3240
2223300
2004300
2002203
320400
32313
30222
2230230
2330103
3200430
200130
340203
3003312
4200300
2030304
3302031
3031020
1303230
2004003
3232002
3020022
3300201
3402
2000433
3310020
10023
33210
3033021
3031200
30312
2330004
2103000
213000
100230
323130
43230
1303320
2003040
1203300
334002
1230300
2030010
432300
3310302
4330200
3300102
300210
2304003
2003340
203301
2043000
1000203
2133
3300210
2020020
3323100
1032
3030201
2400030
1332030
3233001
403320
3043002
12003
2133000
2300022
3220002
300402
30042
2220300
2203203
2000340
230022
24003
3003210
3030330
2003232
3133002
3010320
42033
240
1023003
234300
200004
3032310
3002304
303402
2002302
103200
3020220
3010332
302133
3300120
430200
3331020
333030
2300040
3223002
24000
33213
303042
2303301
1033200
303
3220032
3100002
3000420
4203030
3042030
3013200
10332
3342
423030
3310023
20301
3130002
231303
322320
2100033
3324000
302340
3030231
1020330
1000200
301323
2334
2220000
3231030
234
332040
301233
31002
4020000
1020000
3333
3022032
3023031
342000
4023003
303300
2032203
303123
2230302
20103
4230003
4000002
240330
12303
1303032
200013
40233
2223
1020
3330300
313200
3102
2040033
3103002
243003
203013
3312300
3003321
240303
100020
30321
2233020
2202033
203232
304023
2002323
3201300
200343
3332001
3302100
4030203
1320303
1003023
3230310
3031002
3420003
340020
23232
2322300
2302200
331230
3030024
2202030
2000034
2433
30201
3330003
4302030
2301330
420330
324003
3030402
4320300
203100
3123
33123
4203300
2403030
3200331
203322
12030
303222
33132
2100330
2032002
3033
3102033
103230
304020
2400303
2030013
3200010
34203
130332
40230
1230
3030240
2001033
3233100
3232020
234000
300234
203043
3020430
313032
3301230
3203013
323100
12000
3103203
402000
3020313
320103
332310
2000301
3100203
310032
302223
3000204
3300042
40320
22320
2233200
3202200
232203
103320
340302
323040
2033100
132
2330400
2220003
32331
4300020
2330220
2023002
334200
3033201
3030213
4300032
2310330
1203033
3230301
400230
230223
1030200
2030100
423000
3300033
3200400
3303102
30342
4020330
2033103
3020013
312303
3004230
33312
2033040
3013230
32223
2300304
2200002
2334000
2301030
3023004
3303210
3003420
3120
1003302
2000031
103233
343002
1302030
2200233
3201033
400332
210000
3022200
3330000
4023300
1333020
1330002
3200223
3301020
1023
1230303
3202230
233301
200031
3020304
3020031
300222
3000321
3000333
2320023
3023103
23001
1320
2001
2040030
2034030
333210
2023023
2000331
3040302
303201
2003043
3013032
40323
32400
2223000
2230200
3103320
203220
3310032
302202
420
1002030
2000043
200304
3023013
3001002
2310
2301
330204
3300000
2313030
2103303
2300103
20232
304320
3003000
4003230
3220020
402030
2100030
33012
3030000
1200333
2023032
3423000
3200001
3010233
203202
3002103
32133
3003213
210303
323013
23130
34023
1203330
3120000
403203
34230
1030230
4030230
313230
243
310002
23322
1300020
3222000
3230031
402330
233130
120033
4032003
1330023
2202300
3213300
2303013
3201303
323310
40023
34002
33321
1300203
2023230
2003310
1003002
3200202
403230
3030033
1320033
201003
23313
2300130
3402003
3210003
3020322
1300230
3210330
20043
3002403
2031303
3130320
220203
323031
403200
231003
3320010
204
2333010
132303
233022
3022023
3020043
42330
3003303
2433000
202233
1000020
230220
102330
203031
13230
4023030
1303002
3042300
320010
1230030
2022330
3102003
3100332
3302022
331302
1233003
1033023
3231000
3021330
320100
12300
2020323
3340020
313302
2010
330321
300330
3020310
3301302
3303030
2332020
330030
3043020
2330310
2030403
3003402
2013
3300420
2002002
3222030
210030
3040230
3020340
3001323
3012
2203020
3313002
3031320
1002
43200
302031
303024
3010230
3020331
3300300
1003032
400020
210033
200133
3020403
313203
2400300
2013300
233004
200043
3320031
2202000
1023300
1032300
3240300
3203130
213003
302430
33204
330000
2300004
2030313
2001030
204033
3002301
3030321
2331000
3020301
2310303
2300133
202002
320022
3220200
302331
303102
323022
3002331
2322030
2203320
2300220
3100233
230100
342030
302322
302040
4000203
2330010
3030
423300
201030
100203
201
2303010
3313020
310332
20343
2013330
12033
4000332
3230040
323103
3001023
2034
300120
3130023
321300
300303
1023303
2004000
3204
2033400
2002233
2000100
3022320
3301200
4300002
2220303
2010000
3020223
32403
3030123
2223003
230013
13032
302403
2304
1320330
1002033
3402030
10233
20313
4032000
313002
203022
3021030
320202
3300132
123003
3021
2330013
2020302
322023
3003201
3000213
2040000
3400302
3310203
3020103
21330
302004
4200303
4002330
3200004
200340
320322
22332
33231
3200034
3040200
3001032
2303004
2003403
103323
103002
3032004
302304
333201
423
2002023
3123300
3202320
3020001
20433
3032103
4323000
2300100
3002430
32031
4233000
2230020
233001
33402
43203
30243
2230032
2043030
2023320
3210000
220302
3321300
3300021
2002332
432003
3310320
3003102
3200022
30402
23430
3303012
2043003
2032230
2032020
403023
133200
203430
2003031
3200100
323004
4320000
4003023
1333200
1303020
2022303
2003034
2430300
3210030
3100320
220002
300312
303030
132330
323220
2430003
3202002
3022203
3302400
3033030
2003304
1000023
3430200
3400023
10302
3240030
2330202
2301300
3100032
4302
2330022
2200032
2033013
340023
1303023
2023203
3400200
320043
3030312
2310030
1300302
204300
3003123
42
2232300
2300403
20400
304203
3000024
4302300
1303203
203004
3340200
3310230
2430
332022
3030204
3030012
300012
2033031
3203100
3002202
301230
3303120
3033102
2223030
3200220
42300
13323
332220
330213
3330030
33030
2030223
3012003
3423
330024
232230
2343
4300302
4020300
3030132
3030102
3330012
4000320
303330
30300
1000230
3203310
420033
12
3201030
231300
201300
203400
10002
2031
2130000
2330001
3230004
21300
1032003
100302
3033003
2033022
3130020
200022
24033
4320
3032400
4000323
2130303
2300010
3102030
200100
100332
4003200
2002032
2000220
3123003
203313
300024
2030130
3400203
3230100
13233
330330
1330230
2034003
2030301
203403
3040020
1230003
2203023
2032200
3400032
230130
3023100
310320
2002320
3043200
340200
320004
3002313
1030320
3120030
213330
3040023
3002031
332400
1300320
3402300
202023
200301
3040203
22233
2030040
3100023
432030
202203
3300240
330021
2200023
233013
230034
13023
301200
32010
302022
30120
2133300
2300013
3203004
3100323
430203
13200
4230300
3303000
1033230
30030
103332
301020
1330203
1330020
203103
3022020
3123000
400320
3004020
31200
340002
2040300
340230
3030210
1200330
130203
2310300
31323
3300012
2340030
2200020
3130230
23004
34200
303132
330303
2200203
322002
3032100
330042
2004
3303021
2232003
2200323
2033301
2003100
3100230
222033
3012030
32202
1033203
133023
201330
13002
4020
330033
1200003
2030103
30024
2030043
123330
21303
4020003
1323000
420003
100032
324300
3004203
3042
4002003
4000020
2302032
3013002
3010200
4003302
2400000
1020033
2000334
230322
310233
4330002
4303020
3200043
323202
2003322
2000130
3200313
3203031
3020130
3031032
333
3203040
120330
3302103
32004
2220030
320223
2010303
3403002
402033
100320
3012000
40203
3132000
3210033
3320103
3020004
3302010
3302013
3320022
302034
4230000
2323200
1003200
3312000
3322020
3323010
3222300
320013
330012
2003430
24330
20334
1002300
200433
3001233
3023202
31230
402003
300123
3000003
2320320
1023000
30330
2010330
3200304
4002033
2000223
233220
3021303
3002013
301203
2340
3033300
2033004
3200301
123303
103020
3342000
331203
4300230
2020233
2000133
3400002
230301
22002
2010030
3000243
222
1332000
2303220
2203032
3300024
1330200
2033130
230001
321330
3002400
4033020
3120003
230340
321003
2202
231
3230220
3023130
3032220
3321030
33201
4200330
2323020
1030203
3400230
231033
204003
3213
1332300
300
230133
23220
3420
2330040
2030310
3120300
400302
230430
2400
400200
13302
3000120
3030030
1000323
3132300
310200
3103230
133302
3004302
3300231
3024
2010300
231030
21030
20013
3032001
223302
23013
32220
2230320
33240
402
3301320
2320002
2313000
2302203
3130203
3200133
120
2303310
2300430
2033010
3020400
2003301
204303
3010323
320133
3332100
3034200
342
1200000
2100333
23202
20010
3002001
300243
1030323
322200
4300203
4200030
3202023
3200310
3100020
201303
30102
312033
24030
2000403
202323
2302002
220032
3012330
3002040
2000004
234030
203223
3000240
3201
4002300
1323030
2330301
2020203
3031302
2340300
1020333
3200013
203130
3320220
43032
213030
202302
102033
3022230
300204
3300003
1033032
300324
2303001
22230
102
2103300
3200040
200223
43302
3300204
3331200
3001020
4030032
2430000
2331300
1032330
400203
102333
3000234
1303200
2040003
204030
323400
332031
2333100
3232200
420000
3024300
43002
3000432
301302
2301033
1023330
3430002
430020
243300
23400
2313003
1230330
30033
2003001
32304
420030
3040320
3024030
3002220
3002340
4030002
4003032
33300
2000400
130320
3020040
3030300
2203302
1300323
21003
3000222
330210
4030200
4030023
310230
30231
303321
2300301
3204030
200403
302010
33120
3003300
2331030
33000
2000310
3203022
322020
430230
4230030
4000302
2202330
2301303
2023020
1003203
3303300
330003
3000
240033
320304
3432
1333002
3010302
32043
3030420
2300043
1020030
3322200
22032
331020
3033120
2030031
3130200
302001
33024
2310000
3002322
3003231
330120
300423
21
30333
12330
20202
2300232
2032032
3203103
342300
10032
3243
3300321
3230013
3204003
222330
332202
301320
30432
3010203
340032
320403
40032
3030003
1302300
3430020
332103
3000030
1230033
3
430032
4233
3302130
3032202
2330130
2000202
3220230
230304
3322002
23103
2001330
33102
1300002
222000
20034
302232
3234000
3231003
322203
323010
3302301
3003240
4020033
1302000
3001200
200103
3300312
2133030
1033320
2030220
3213030
423003
120000
1320030
2301003
223200
320034
213
3321
2001303
133032
3303201
4020030
3302310
332130
2033310
3200103
130302
3013203
312330
3100302
200313
3002043
4023
3000201
3000303
2403300
2034000
213033
202230
40020
3030021
30021
1003230
3213003
234003
200220
3320100
2043
3230010
3042000
3004023
2303100
2003223
302400
220332
102000
4300200
1030002
3133020
3230103
243030
313320
4030320
23403
3003021
2332200
3420000
3321003
310023
302013
3003132
203133
203010
3220302
102030
203001
3030222
