32402
4010030
2200220
1030301
3044000
41030
10310
3000122
30320
1030040
131033
3041000
13223
1013300
3310301
4302020
2033021
3201203
320213
21032
242
1304003
1040300
2023130
200402
4304
2300231
1300034
3103001
310232
33122
2030123
3402002
120020
1220330
303203
2020232
3224000
340040
2100032
2031002
1003040
1000232
4033010
3103202
23003
3420020
3100043
10430
1330400
420230
40040
422003
20243
20204
1220003
313103
2004020
2003204
4010000
2402000
34301
2020430
3202013
3004010
3021302
4033001
1020032
3202301
3010313
30113
1232000
3242000
3110300
1020233
3022013
322301
20321
2331020
3023120
12002
1310030
3042020
12320
4202000
1000202
4030022
1130033
401300
24320
2312
3103013
403004
14033
330110
4202300
2230001
2021030
20
200024
304040
4030040
4004000
3003230
3203012
10103
4022000
3000233
3232001
322310
22322
1322003
1000223
22310
212003
312023
3000041
3100304
4003004
204200
3010322
303302
233012
3032102
301001
2403020
330320
2200022
14
4400003
130202
343001
3400100
210032
4203020
331103
1430
3000431
232130
200243
4031300
2210000
1022033
1010033
3221300
2123300
2100320
233
313310
3020030
3320
3320021
3011
20012
3203120
120233
220322
104003
3320120
2001332
3312002
322103
332021
1200233
3103310
103313
3010013
140330
230312
3020123
102323
1032230
3400130
3230201
3020132
3004001
1004003
430010
201302
3000212
3120200
201233
3013103
10400
31202
1300043
30134
31403
402203
4000130
33230
10322
21233
4000313
1313300
2010002
400004
200120
2020223
2003330
4000301
1230200
2020340
4103000
330200
2020004
13010
3102002
2023310
3140300
344000
314030
3002123
3202220
3100430
210230
302231
31313
1334000
3220010
2030321
3022400
103301
4000100
2202032
110333
2103032
420320
101000
3020321
320000
330023
2002331
3220103
3002024
1030403
213200
4032020
2220020
1302032
2000123
22013
4000133
2210033
400040
201203
103043
13034
3200000
202322
3200102
2403200
1203200
23000
2022230
3220400
3340010
3110330
10331
2231030
2043002
3301040
303212
203222
102032
1023302
2013023
3130130
3300140
2012303
3123020
2230220
2030042
402302
14303
4403000
2020100
431300
2030330
2310023
230300
1301033
304022
1033013
1000103
224003
1400000
312230
3221000
4040300
4002023
2100020
2023301
3330020
3201023
400232
32420
313202
301430
2331200
3012020
341
300323
403100
310001
330311
3041
131030
100334
4020002
3202022
232202
3301100
3030023
1430300
3200213
22232
1232
2330000
2103200
130010
3113
2203103
300200
204023
313400
2301020
300203
400304
133004
1220033
2023022
3014003
310340
320240
4000031
1300010
3220022
133400
103304
2330210
2010032
3400001
1202300
3003104
113
403310
3000002
2420030
120332
30410
222320
122030
2032202
2020043
2004203
432020
430100
230402
130304
310133
10301
3001022
2013302
130103
1323200
1000310
413000
143003
2301200
30230
2030222
1003034
3140030
23201
302132
4034000
2303012
2200340
3200120
3000323
2043020
2040020
13202
2203130
102302
10232
3002420
422
4001000
234020
331400
2430020
2321000
2313002
203420
30311
1303001
3210200
4023200
1103300
3201020
3003212
1223030
223202
1303301
2022302
332210
1310000
2200430
3000311
1002302
430031
3300110
2210
1004
3311
3230003
3431000
420203
2002232
2201003
202001
3032012
2303120
1103303
3220130
340103
4103
4300220
130004
1202
4040003
403130
203201
200210
3100340
2130203
1001333
3023
4130030
4000400
1313030
1310303
300143
402032
3100034
200042
3010034
3002312
1323020
2003042
1310033
3200321
22100
31100
311
3042002
4220000
4100003
3002300
1003304
3410000
101333
304004
4030031
1200023
1033100
2032040
32102
33041
42032
2300120
31331
1433
100043
2320022
2030201
2230022
3340100
3000332
3010202
21320
30422
30404
3100310
2300030
4100033
3032
230420
2020202
4040000
2203001
132230
321002
301133
3220031
213320
4302002
2103230
2020133
340100
13013
334001
2231003
122330
3040400
3010130
32120
1322
32210
2310002
3213002
3022202
43100
3401
1022300
2023004
2010320
122033
3023102
300104
3000314
2013200
20033
400013
332201
301400
130430
2202023
2200223
1002323
143300
3012002
313031
3302120
1040000
103031
3313001
3002402
2000342
3200222
1200320
23231
3003041
2010332
2000204
230102
202031
3310040
203042
3030032
2024000
122300
240020
103010
2202002
4003202
2002130
1303013
3300101
430040
400340
1030034
133103
32030
33020
1020200
1030010
140300
134030
3001010
1030313
230321
202232
20423
3033002
340001
4010303
3101330
3020120
3003131
403022
3023210
1200002
1033202
320321
1300013
2032100
302201
1100003
2032130
330410
1330031
3031220
120032
3004400
1300232
1004000
123320
300431
1010030
21230
23213
4300040
3130031
3043001
3021230
3220220
3102200
202331
203024
3201200
1330100
320042
301022
4202030
2332010
34040
1223000
223001
13133
203303
3420200
40202
3230102
20024
344
1003022
3030221
1301300
2040320
3001013
4133
3044
101303
40304
2003012
2302103
220022
402230
301301
30041
103403
3004100
31001
2030000
1300322
1000331
30413
422030
3040010
11300
1000334
3204020
3023000
20000
2040203
2302010
2303021
303221
4133000
2310032
2102000
1001303
321302
101330
3300410
1320320
200033
3001100
301331
30221
103133
44003
1200302
3130001
34010
110300
104303
323012
1010
130034
3031100
3100331
133130
2301230
1001033
3040220
1230230
4130003
2032031
3401003
101030
201032
320312
320330
2002430
3202040
220232
303401
3133001
2303300
2000300
1133030
1232003
40001
1343
312320
21302
3003221
2001320
1020023
3220013
420002
104030
4000340
2324000
230330
34100
1313000
2222030
140000
301322
3113300
413003
4003220
1430030
332120
2301302
2022002
1031
2403002
2320031
2002040
103430
3040031
2304020
3022040
22010
2023220
331013
4003130
130301
130043
2302220
3210032
400010
40310
1330001
102233
30440
340400
323102
1303400
1303031
3410030
33410
3303020
3204200
1003322
3401300
3113030
13400
3040202
3003014
322022
13232
3030311
322130
4340
3003320
1031300
3103400
401330
2102303
1022030
131303
302402
2013020
1030043
3000023
2100332
323021
431
2010233
3130400
13310
30023
1003013
3041300
4033100
302300
1034030
3004031
200333
2000120
321032
40013
300101
323003
1320002
4230200
1300400
202313
3000014
20240
4020302
3314000
3203210
4000304
2400320
2100230
202100
203012
1003043
310301
301034
2340002
2023100
3100301
223031
33110
2423000
30233
113303
3003311
1202330
1203020
201332
3143
2000132
320402
2200010
2200004
3233000
401303
102002
3140
3000341
320132
31010
4300100
2103320
3123200
3131030
230033
323
420302
400103
310031
4340000
2031320
1002032
3010022
1302200
3102020
20234
3000020
230120
3031130
4002032
404003
13103
404030
140303
3220202
3101300
430310
4400000
4301003
204302
43010
1100000
1330220
32000
3220100
3104300
3103040
1301000
1313
1031330
20003
132032
3301130
3023003
2302031
313220
300221
1023320
24302
10223
1030004
3120320
4030100
1034000
32303
23102
3003122
232022
310004
3203000
2203004
300110
4232000
2120000
2240300
1230032
133013
3300203
2210003
3240200
3004301
31223
30212
3230300
2003000
3002330
2300402
220040
3003200
3040310
401
320231
1103030
302003
44000
410330
2223002
133310
13043
1304000
2302301
1300202
1030310
2423
3030011
4013000
1030100
100202
340022
310220
2320010
32
3201320
233102
3002222
321200
40340
2300123
2000201
4100000
2400023
2230040
1130003
122000
13430
1032002
220013
3030020
1330004
1330310
2023202
3430100
2220002
2300222
1031000
413300
202430
3002120
301232
1103000
420023
3340001
2223200
33203
3203
21020
4022
4002203
400130
32123
3303002
212000
4022300
4000322
1202000
40430
2012030
2420
202310
3013301
201323
330302
303320
1032200
1023023
4002230
2030120
3200021
3040013
2012330
311000
3003401
404
2303201
2002313
100130
1022330
4200320
1322000
2230103
410303
213230
223130
230204
3020300
2004302
3001220
130400
2432000
1000322
3210002
310430
3304100
300314
4300103
400100
2310200
2010023
2300201
1010330
202202
3022022
3020312
3303101
204020
2002301
31103
3003110
1301330
2032013
321230
12233
300131
232103
230123
3310400
231320
3030101
3302003
230303
311330
2201030
300122
3231020
300440
4000103
3401000
113030
2321003
4303001
1330013
1000100
3010220
300242
30101
22223
3001004
2222
2012
3033101
300140
1000013
1010300
2002220
4003100
140030
3104
1033103
4000403
2302040
1203002
23300
423020
4003022
1002230
30140
3104000
3400301
440030
3013010
4300013
4031003
4000220
2004230
31040
1103
3000440
3212000
1100300
2024
330131
23
312302
3301202
1304300
2320040
1003223
10001
304001
4310003
2210030
2200313
303110
2230031
1133
140003
310034
1400030
4023002
32204
2400002
2231300
2004200
3004040
4010300
2203310
2003123
40133
1203032
402023
1100033
40022
22430
4000430
2032010
3202130
103232
3311000
1103330
3240002
3133010
3301001
302420
30323
2002304
3120020
2430002
1301303
3001313
3000011
3024200
3110030
224000
4030400
1030130
2003312
41
3032300
1303202
2102030
3313010
330041
1000313
224300
300332
113003
3021032
304010
3013400
20420
3301220
1403003
1330301
4030013
232220
3310031
43004
2102300
4223
3030014
1010303
3403001
3130220
3103103
301103
10433
20021
2430200
3223010
3010010
23321
2200034
2020301
104000
2330021
3110003
132302
4032200
34202
3020420
2000222
202022
3311003
3012023
3014030
3011330
340013
2300042
2040230
2023103
2022032
3020
314300
30131
3023201
1033031
332300
3024002
3002231
3300014
200420
100343
30002
4040
4200200
3100022
323120
3001331
31400
1034
2200130
210200
42002
3020012
14003
1100303
3200123
201320
22043
1340003
1300220
230
400223
3300020
1133003
3030122
3331010
4403
1332002
2330201
1020302
3041003
302024
13340
1000004
303032
300410
3020201
3301400
2330012
312020
42203
3030113
100223
300404
230000
2013002
133001
220304
3020102
310304
4000004
2320100
2020400
400220
130022
2233010
40130
3032000
2003021
201020
320201
40403
203300
2002403
2301032
1030001
3204002
30431
3400022
3110000
3100232
3010040
3034001
3021020
2033300
1331300
3122030
4100303
3332
3320210
3040040
3224
331022
1001
323201
303023
123002
3322100
22031
2300000
30302
3202001
1333100
2332001
3320201
22004
3002321
2013320
232301
3013100
33101
2100002
400202
40223
3422
2313020
12020
3000422
220310
331100
303410
2303003
2302100
331202
301313
23042
203312
24023
23222
34400
3002033
2130002
3003011
1331003
133010
1043000
1023032
230012
2003030
221003
301202
2040200
234200
304220
313010
3002003
1040003
2001230
3403100
3100130
3013040
3113003
324020
3012320
4020032
3404000
3100403
3002204
1013330
1200203
3022130
3301310
4001033
1030331
3210230
13022
302102
3040100
1330040
2034200
104330
30242
1332020
2230202
3400010
3133100
440300
302213
300113
2032022
3032030
2320004
1300301
44300
31022
21002
2203022
102200
2240000
4100030
4003040
2100233
3103022
2330003
2000243
410300
3020033
320012
332012
333011
3310013
331010
2333000
333002
2004320
430301
4043
401000
240302
340301
20213
2320301
2012033
302021
2012003
232310
202403
3300122
3302030
2043200
402320
23312
1322300
1320023
1043030
3322010
22034
2201330
213203
3024020
2213
430001
332102
2031020
1030031
32213
413
4003031
2330120
213023
42302
3300311
3002042
3003302
3202310
403010
133031
10304
4100330
3040130
320024
301403
302012
4001303
1023200
133040
2042
332000
131330
213002
3030401
3120203
23210
332030
2002340
430202
130100
40232
2001023
3403010
100034
4400
3000230
2031200
230213
13001
2240
2302013
1034300
1004303
2004023
103040
31340
330401
4400300
2322200
320033
203003
2030021
1304
3242
323000
1200032
2002013
3004202
32201
2200403
3143000
102023
4002020
2332100
2312003
2323001
2320103
4000232
1000031
3102230
3200
213032
3301022
212033
331220
4200302
3020303
2023013
3200312
423200
3210320
400043
3010133
40031
3203030
2003231
1000430
3002210
3013013
2203100
1200200
3220001
203021
3022103
3031400
3000320
1034003
30203
2003213
2002034
3103100
220010
40043
300212
2304200
1203230
1303310
3010223
310043
4030010
2003210
3001304
2331002
2100023
2020022
440003
3041030
1320230
230132
11000
24200
30014
2400230
1331000
23330
20333
3422000
4300001
2213300
2321030
340031
22313
3001133
3302300
2130032
2200013
110303
3043100
330020
223004
210023
102230
1300310
42230
10013
3301010
2402030
2201033
320123
2120
1040030
2030012
102332
2120330
23012
4003013
1334
1130000
300224
2004002
3110303
2030240
1001300
3004310
3033011
4004003
2230013
301100
4000001
3014
4010003
400133
221303
31034
3330002
2202020
322100
2220203
332
3020204
4200032
1310330
1302203
1013033
3400220
2102330
3140003
3310310
20132
3030200
2000102
100001
3020231
2003300
1000403
3400031
1303103
331301
3040001
1002320
3013130
3001223
1300430
402020
220403
3011030
1003220
3011303
331130
2333
3032021
1310300
242000
2204
2021
303011
402200
200240
3023021
43103
2321
2102
3030110
4000223
1031003
1000034
132002
103130
200234
3320003
1400003
300032
3202400
20120
2003420
2002022
403013
223040
3000401
1203302
413030
130031
32024
303140
3221030
202004
3042200
3101
4303010
200000
1040
4220003
2240003
1303010
2002400
20432
212330
440
1003001
3100031
434000
400310
304202
202010
20402
2420000
2200100
1003130
110000
123200
304301
300044
4223000
200303
404000
130223
13322
1004033
3104030
2300102
1013003
223103
2030312
3201302
203210
1223
2130020
2402
3200201
3030104
100010
310013
3230030
1330130
2300240
31430
3220004
110030
3300104
4300301
3301013
4031030
3102032
2302130
20330
3010304
410000
1033301
1030220
1003010
2132003
3404
100040
3300302
1330022
2000333
4322
333200
1202033
310040
31043
4031000
2001032
130040
22331
4023020
1303130
3010001
221000
202301
33011
3023030
20210
2300420
2033210
2032001
1004030
2000003
2201303
2002043
3402200
1230023
400403
330203
2000240
123302
32312
11003
43202
300134
2040302
1023020
2001323
1000304
131300
4303100
311303
2024003
132023
2031032
2001233
203102
220034
102020
12230
1331
2340020
2300321
210020
40004
3320300
3033200
32300
222002
23120
1310
2132
2340200
1030013
1003430
3100001
340004
1223003
311030
331001
131
331310
3014300
342002
42320
143
110033
2202230
1300031
2040023
3113000
210302
300011
13100
3031010
4000022
2040032
2033201
3321020
3012203
2230010
302303
1000301
3020003
2004032
203204
2204000
3400040
43310
4004
330101
1043300
2020220
3302
3102023
3300131
1000040
204320
3212030
401003
313004
3102320
210203
20201
3001130
1400
200231
322010
2030300
1002233
433010
403301
3000032
1330202
2012000
3300212
4200002
3212
2002010
11
1133300
2003
401033
304100
2304002
2032220
2030204
320
222032
4300202
2232002
2031203
3022001
1200230
1033001
100322
22202
4200020
2020322
3213020
4230002
2203010
24032
410
2310230
3100010
3320102
2042030
120302
3001031
2303030
103001
231302
14000
300014
400031
2240030
4004030
3103301
3203021
303311
2030132
221300
3022010
4010
3013022
12023
2103020
2042000
2023400
3140000
223301
4013003
1040330
302120
2222003
203321
3122000
3100040
3001040
1013
4310300
2300021
3222002
110330
2230004
301031
2000231
3402020
334100
3001001
3302210
213302
311003
2320220
2203301
2021303
400313
3001103
100430
13130
12032
3002303
43001
22340
232400
100310
3031022
1032023
2313200
2120303
330032
3200303
1302302
200222
103310
10043
3023300
2002100
300413
1003331
3013031
14300
1400033
3031040
4130
3320030
2200310
2000021
1003031
313040
3002030
1030103
1002332
220004
3302021
1022
3321200
1030430
204032
1000340
3202031
32240
314
2300210
203123
100304
3031202
3200024
403400
130313
1032302
3002
3122003
4030310
3400400
310331
1000043
220313
3043010
23240
200342
2330300
4220030
4000331
1301003
231032
313100
2222000
2024300
1002200
2003222
3310001
3310130
1220000
2023010
334010
320003
240032
2032310
2000213
3220310
430013
401030
3200030
3012302
3304001
212
223400
4020200
2132030
1230203
3031001
2300300
2001020
331031
200201
1300040
200003
3400013
1013303
2000312
32012
30044
2232020
1020230
1100333
400301
130133
4013030
303041
2002310
2003240
3300002
233000
1403
1232300
1130300
2200331
1020320
3210302
3322001
2300330
1032020
3203102
132200
221330
13313
302033
21332
2000303
230222
4202
2200232
3010331
102203
324200
2013032
3130022
210320
304013
11303
3304010
3001322
2030210
431030
14030
3230000
2002001
3020222
2321300
403103
123032
2032301
1202003
233120
3020042
2200400
310022
4400030
300302
22403
301040
231203
3022031
320120
323300
3120023
402002
22040
3330101
2120033
2300024
403040
400331
312203
3320012
2003033
33320
1003400
3440000
2420300
1340000
233030
23303
304130
30314
33311
342200
303113
1233020
303020
1040303
340220
3020330
2102003
3130013
3100103
1220300
220043
203
32033
3201230
100340
304400
3303110
2300303
3101030
44
2000210
3202004
3031031
41000
4313000
4003400
3400103
4300004
2230301
3101303
3020000
233003
301010
2213000
312200
20102
31232
120002
13301
1300100
2030213
231200
122303
4300400
3132002
403220
40331
4301030
2003102
100031
2030420
431003
3030041
423002
340010
2400203
2202203
220340
130232
3200003
4020320
1000001
223220
310313
1043
3003020
314003
40313
30110
10313
302030
2034002
3000224
202040
3000104
340202
2003303
232040
120200
304103
101
2210300
431000
130013
2330030
2220230
3002132
34220
312002
1343000
4001300
343100
10220
2303
2000012
44030
240200
1202030
3130010
3110033
3000410
2302310
1040033
3420002
3331001
3300113
3033110
11033
4013
133100
233201
42023
2202200
300233
2023001
3230021
24203
302204
303002
3312200
4220
3020210
1403000
2132300
204203
223010
2203013
203213
4220300
2000
3001232
32042
202130
200321
310202
3003410
3131
2312030
2003201
3103010
212303
443
301004
34004
1433000
2010323
3002240
2024030
330212
3330011
103202
3011033
3020024
200324
3330110
2200304
2003120
210323
303122
200330
223100
341030
3030131
1202303
3120032
2000033
3101000
33113
3000134
240320
110
3210023
240023
4022003
4020020
4010033
2002103
12323
3303011
30011
2100203
2010203
3122300
134003
200021
4203200
3400004
341300
310403
3300041
4002320
2201300
1001030
220220
220103
4300022
1013030
1003232
314000
3302000
2230100
1023230
2022320
4130300
20030
4331
2324
2312000
2200103
1020020
223022
10100
203231
311300
322004
1300223
30020
101003
1300133
2200040
3410300
200312
1330010
2042003
103103
100403
30332
10031
301310
31310
2202302
300002
1033040
2220200
1022000
3004022
2320310
3213200
3031004
2100302
3011300
222203
2342
222020
4000202
2200043
3230210
40301
301130
2133002
2033120
1200332
1003310
2000423
4100300
2030303
2312300
1230020
300230
420032
210332
2201
213020
100220
3021002
4040030
2010302
243200
3331100
3410
4430000
1023002
2020010
3200231
10202
3020213
3200012
232010
101300
203132
200213
3031103
2002223
2204300
3010031
3300230
2103302
1030202
321023
11333
3332000
2020103
3120230
100013
24002
1022003
10334
323030
2301023
232100
3222020
2233001
2100323
2013203
430220
341000
40010
22220
3022004
322031
301220
3003002
1200323
131000
4004300
3100220
3000113
104
2031230
3413000
3430001
342020
4002002
1030322
2002322
2003024
2123
3004130
2232200
1304030
131003
14330
1340
330230
1300304
3323000
2130320
2300204
23024
10004
432002
132020
34130
2234
330104
100331
310310
3302201
231002
230024
200102
3003023
3230
3022100
3010103
13031
33131
3132020
123230
313022
100100
40100
41033
2021330
2003321
3014000
3330200
1230002
302222
2033102
3020021
20123
2320202
3100013
3100004
243002
222230
400430
3022310
2300003
203330
1004330
2303000
2100200
220001
31130
2320013
41303
1333001
32330
21203
3001430
2000321
134300
200123
3203300
1302002
300020
304031
3022220
4034
4043000
1340300
3103130
123020
2420003
1233002
2003402
3120002
3104003
3220040
230231
2432
3300221
4130000
4103003
320300
2010230
234002
4301300
1013000
103340
3020402
3230012
132320
130310
3102302
3131000
310010
300422
2033003
2204030
2021003
30341
3300032
333101
3122
330014
1303040
20300
20303
2203031
320210
3000101
3004013
2031302
2243
120323
103331
3000143
220430
3030212
3103031
4330001
3303200
1403030
303200
4032002
2200001
3130004
2400302
3001202
4300130
2233100
3134000
240203
310400
232013
230021
203030
3401030
30224
2200301
2020403
31322
4322000
1332200
4000010
2202320
40322
1400300
3212003
202103
322013
1002023
3013220
2213003
2020313
3013202
3233
200
302
3300401
1032203
231230
233210
34013
3314
1301
233021
3011003
1000022
103022
1300340
3040004
34103
4002200
2120003
2320001
220301
330002
32003
321320
42200
2400200
1100330
1010000
3310103
120230
10343
1010333
2300033
32321
2223020
23033
1000343
123203
202400
202043
3431
33014
4310000
2123000
2132000
3131300
430004
301223
302312
2042300
1030133
202013
1302320
2320130
202340
10340
10022
2022023
4330010
3300200
4300010
3032120
3004220
1233200
2300
3430010
200030
33302
33212
24230
4320002
223013
1001330
40103
22133
3134
2120030
1030232
1003103
204230
3302102
2103023
33140
404300
140033
202034
2301320
2300012
303014
113330
230210
3300023
3130310
1130030
1043003
4001
2203400
2030231
1002002
3031301
3130040
30122
341003
3031310
1300004
1003313
2020034
231023
324002
3200033
1300103
3013004
3011000
13040
333020
2021033
1001003
3101033
41300
34022
3200420
3210203
4000040
230003
210002
203402
1130
100004
3311300
1320200
1320032
2220032
3210020
3202202
3310100
321020
3002012
3000413
2203040
301304
1320020
1032032
10130
3033020
1430003
3400202
2021000
2020031
3030302
4002302
1303004
1300313
22130
4020230
3130301
410030
123023
212300
3010403
2301203
400001
30143
4103030
1031030
3021200
4300310
2002004
242300
31031
1001000
403202
1232030
2020130
232031
313013
20342
2020013
1000433
4030130
133220
4030004
1000010
410033
41003
1323002
2302400
30200
3132200
133301
1033130
20042
1303100
330140
3002021
303101
3131003
2200322
3101003
3201002
4310030
303230
2002133
3022301
4300031
3240020
3130103
3110
1330103
2034020
3010100
1220
33221
3221
4003001
2310203
103004
310100
13220
2243000
2123030
3200132
430130
2133020
1010003
203120
3000044
3040022
3001034
3200210
103400
2303102
1020332
122003
340310
2000030
1220030
2300132
2
3202100
2030030
3040301
3010232
1340030
104033
21200
10403
3220301
202220
31304
3000242
32222
2032004
2001200
40400
40220
2030003
33002
440000
43301
1133000
3202010
313130
20222
330011
3202103
3013310
3200330
2010020
4304000
2230400
320303
2040002
1020002
33023
4020203
4000013
1333010
2310020
221030
1103033
100103
200204
4313
430400
2023040
3002201
320030
2003132
2000402
113000
22001
3103004
23420
200423
100313
230240
3001301
3231002
232001
200432
3313100
3040103
4320200
4013300
2000024
3310010
43040
403001
400400
4000310
2322002
2032400
3200240
3001340
1320203
4022030
2130230
2330102
2103002
220133
1200020
3410003
100133
4302200
3222200
200012
23204
3004103
220100
3021023
3000110
3003113
1000220
2130023
143030
202223
20324
1003340
143000
3030203
3000200
2213030
1033310
130403
220202
201023
4030202
233300
130331
3001400
221
22304
1030400
3221003
3223001
1130303
3231200
3030320
221033
320420
1033220
313301
3002213
1302230
1023203
2022020
13304
303104
1103003
2030402
3310220
3032201
20231
31301
1002020
223310
2230130
2130302
2310302
100301
321203
4000034
2103203
3012032
222023
2323100
2001002
31004
1100
1203320
1100030
3100322
310322
33104
2030102
3010310
301043
2000330
1002203
3232010
422000
2300213
2020310
103013
3012200
3010340
4003310
10034
340130
41330
2203220
1020323
2000420
220223
2033
222200
130220
3103220
3102203
422300
11330
3100223
1400303
2302004
3321002
4200230
3000302
2022203
313001
100400
300023
3212300
3120302
200132
302240
2200202
2020001
3123002
330122
3013001
22400
3301103
3000404
1403300
2002031
3310022
2130200
2204003
3203201
443000
21323
433001
230042
3000203
230030
3320000
2032103
2020331
1020203
3032210
1130330
120320
43013
433100
201230
323210
400034
302042
3440
4030103
4003301
420020
2033000
3311030
1031303
1003004
331004
3003101
224
4003103
220331
312032
303131
3413
40034
420200
210233
300041
2302202
1000130
240230
220130
103220
1230302
322400
2030
102320
4030301
2203202
31133
330221
3021203
1030022
1004300
220400
12332
10010
2033030
212030
43022
302321
2310320
300401
1300022
2320400
134000
110003
103223
3200204
12200
4031
1303022
242003
22022
3003032
34310
203033
200300
2033012
231020
331040
304310
3000221
3003203
3100313
13403
400322
113300
43031
2013230
3010430
3020240
33401
2220023
130130
24020
3001043
1400330
1310003
2102033
230201
130001
3002000
3200402
43130
3010400
2210330
1303220
2200031
103100
103322
2020304
43400
2231
1430000
3021320
3312020
4001330
2342000
1022303
302123
1223300
1030223
3200042
3010004
300341
2133200
2210303
1322030
240002
220031
31220
330113
4330100
332003
243020
22301
301013
4310
333110
2402003
2020040
222302
100232
23402
1230320
1220303
343010
320021
10040
302210
4200023
2220320
201200
202133
3301301
33032
3341000
3200300
1203203
2302001
2022200
43220
4020023
2400032
34001
31013
311033
20312
3302012
4100
3230120
3301031
300311
2301002
2000324
3100100
103034
322202
4203002
2000234
232004
2003003
2234000
302000
2012300
12203
3203003
4202003
2222300
1300403
101033
1003100
13331
2001302
132203
3012230
4320020
104300
301340
122
3130100
4232
21023
4001003
2200133
1033004
203240
3030140
2322020
400022
224030
120203
120023
2231000
204002
2030033
4000043
2031023
2000042
3223100
32231
1300331
1003403
3100202
13004
3034100
2000000
4003010
1302023
310223
320102
2021300
113033
30401
4010330
2402300
23123
4200203
3034010
3001403
2023031
1301030
4230020
2303210
1000400
410003
403031
3023012
42020
34031
322040
130340
3010043
23021
300320
33200
3002102
2201000
1031033
1030340
3130202
4301000
3032003
430103
3310202
1003301
242030
100022
1320302
3030410
140
434
4001030
1300001
3010301
4331000
2323010
11030
3000131
2220302
1030304
3001310
2230310
1003202
310130
22103
4430
3100133
10133
4030001
2123003
1300130
2300312
2002202
4030220
430022
133202
3300011
4301
1331030
203000
432200
32132
32021
1302020
201002
3310004
1203023
30032
2030024
2330
2001203
1313003
3341
30104
3030230
1033400
3100400
322001
3000140
23030
2000432
133022
100433
3031013
1000133
310103
23132
12302
302330
3232100
320222
320204
3003140
3201032
2302022
1033022
1003133
3300320
2120300
3400310
130322
3030002
202304
3004004
134
4103300
2010200
3301004
3323
2400020
1032320
322220
1033010
