4011000
2001003
202002
1301100
101004
1000032
201120
21
101310
4100100
1010031
110310
210210
2121
1221000
1122
201000
100230
1014000
1101003
1011000
2020011
400110
141000
102021
100200
113010
21021
2000031
130200
3201
420
4000002
110031
1401
4100001
2000220
2000001
231000
220002
140010
110202
1040010
1100400
100023
2011002
1020120
1010022
1000101
1410
1001031
2101200
2013
122001
2110002
303
1100004
1002102
2001102
10041
2003010
3001110
1001010
110022
20100
3102000
1200201
30120
1023
2020200
2210001
1210020
100014
2130000
110301
202110
312000
204
4000101
11013
10020
102003
3001011
2000202
2101020
1000410
130101
111030
2100120
1021002
2010102
210021
120003
1100301
240
401100
10101
112200
210
1000131
10410
1002030
131010
103011
3000003
2021010
300210
200211
1100031
2310
100041
300003
4020
2040
231
102
20112
102030
1300002
3002001
1110003
3210
101040
3000012
12300
114000
2103000
3100101
210012
4110000
2010201
301011
10122
2112
2300001
240000
1300110
1000104
11202
3000201
100101
14001
300030
1401000
20022
22101
201210
200130
2100210
104100
310200
1000212
401010
4101000
1001100
101100
2010012
132000
102300
20010
20031
10104
320100
3100110
202101
2200110
1022010
200400
3010101
3102
211002
120120
10014
321000
21300
1020201
1004100
1220100
1001022
120021
40101
1400100
2001210
1400010
1032000
2013000
2001000
210300
1300200
22020
3003
2010021
1031100
3110001
12102
121020
1302000
2200020
1102002
2021100
30210
303000
213000
1131000
20130
1002000
1010130
3012
100131
10131
3021000
2002020
2211
310002
3001200
12030
1003110
10140
10212
1103100
1200120
1013001
1010100
12210
110220
1020030
1310001
1100001
222
2040000
2000004
21000
113001
13110
1041000
2011200
311100
210030
203100
230100
4001010
230001
1010001
200301
200004
21030
24
100410
1101
1002300
1001202
1001013
203001
3011010
2010210
200040
212001
130110
201021
3020001
2000022
1202100
1101030
2200011
1010004
4001001
2201001
2000211
1230000
3001002
12000
2000112
2000100
4000011
1022001
1004001
3200100
201102
1221
3201000
1020000
11103
1010103
3300
2020110
11301
4001100
400002
1220010
200100
200013
2103
120102
11040
114
410100
3000
1120002
201030
1021200
1000014
4100010
10221
310101
102000
101010
1010301
10002
1000110
100110
103200
2211000
1101300
1103001
40002
1031001
1113000
1003200
1040100
22200
30021
2031
1100040
30
11004
1100022
3101100
1103010
1230
3200001
110103
2202
31002
300102
200022
1003011
101220
204000
1010220
1020210
1122000
3111000
20400
121002
3210000
220200
300012
40200
22002
110013
10113
1001301
122010
22110
2112000
2020002
14010
3200010
2030001
300
320010
411000
212100
2200101
1003101
103020
3012000
1200102
1203
1020
32010
20004
4020000
222000
301002
11100
20220
1200
221100
102120
1200030
4110
30201
3020100
2030010
11400
2202000
1010310
402000
1100013
1300011
100002
13200
10203
401001
3000021
2001201
3101010
10302
210201
11022
1140000
1010010
1001001
410010
3010200
112002
1410000
2120100
1101000
1002012
30030
2001012
4010010
2102001
20310
3010110
1011030
1000221
110400
3110010
1000140
221010
120300
1000020
20013
2300100
110130
130011
11001
1001130
2020020
1020102
2120010
110010
4200000
1003002
1210200
0
111300
210102
13011
2200200
140100
1023000
1000002
1100100
1100220
23100
1012200
1010013
4000200
130002
2121000
1110030
1200012
1001310
12012
400011
30300
3
3000300
1020012
1200021
202200
11310
220011
22011
1311
10230
1200210
10023
220101
11031
3000210
100320
2012001
2400000
330
310020
2110020
200001
21210
3111
3002010
103002
13101
33000
311010
410001
1202010
2030100
200310
10200
110004
104010
1002
2210010
2100021
2001
101022
100401
211020
2000040
31200
20121
2002200
120000
2004
11130
1002003
2100
2201100
200202
1013010
1031010
2002002
2001030
210120
300111
1030002
2210100
1102020
1100010
1220001
100221
1001040
1110300
320001
2020101
1000311
311001
3100020
400020
111000
31101
1203000
1200300
210000
3030000
103101
121200
1201002
10320
3011100
301101
3000000
102201
3010002
2010120
3010011
2130
2001120
1320000
2200002
3010020
300201
1002120
300000
3000102
3000120
1120200
2022
221001
101400
3003000
1131
1104000
20001
120210
1130100
1000200
4010100
101202
21120
21102
1140
2012100
132
301110
1000230
31020
40020
1130001
302001
12
110001
101001
300300
3000111
400101
1013100
300021
2102010
1130010
1032
100113
230010
3002100
1000320
302010
23010
3020010
32100
2220
112020
1020003
3100002
2022000
3030
120201
4002000
1310100
2002011
103110
100311
4000110
1002201
1100202
42
101301
200031
2021001
30102
321
111003
200112
411
1120020
3100011
3021
202011
1110
2100030
20040
104001
2010003
1000302
3110100
1030011
101013
31110
100140
1201020
2010300
2101002
1000122
2100300
31011
2000010
120030
1000113
40110
1030200
111
1210002
2201010
1004010
113100
210003
1400001
1201200
203010
100011
2003001
12021
10401
20211
1041
122100
1302
100104
1100310
100302
40011
4010001
2011020
30000
101031
10311
3001020
100203
2100012
123
202020
1012020
1010202
2220000
1301001
1100130
13020
301200
302100
1300101
140001
11010
3120000
400200
310011
2000301
100122
30003
130020
213
1000023
123000
1022100
4200
2000103
2010000
2031000
201003
4011
1001004
220020
1100103
2100201
1001220
2100003
1000401
2400
1000011
102102
1200000
3300000
2000130
420000
1010040
131100
41100
2100000
12201
14100
2000310
100020
3011001
312
4000020
2001300
10032
21012
1212
1040001
1010400
1320
102012
1012002
100212
1110000
1001400
110040
1212000
300120
1020021
2010030
200121
1202001
2000013
1001103
1113
1014
2310000
200220
1030110
2002110
2010
201
120
1104
100032
1011
13002
1301010
3120
2000121
1020300
2004000
33
200010
1021020
1011003
2300010
4101
2301
1310010
12003
3000030
2110200
2301000
201201
41010
110100
1000203
2120001
20202
3100200
102210
20301
2002101
212010
21201
42000
2012010
1300020
1003020
2102100
1002021
2100102
1011300
1000041
30012
402
200103
21003
330000
310110
211200
220110
120012
30111
10011
1030020
2000400
1030101
2003100
1102200
301020
3101001
12120
10110
1311000
23001
32001
41001
2001021
1200003
24000
20103
1002210
131001
101130
201012
141
201300
4002
3001101
101103
11220
