430
221020
1220200
103000
2020210
2104
102121
2010013
1004020
1003021
2230000
13
3101020
240100
2121100
3001111
2012101
21013
1300210
1010002
2100121
1012120
13102
4001002
400102
210400
1000201
1120120
1120000
3100210
2030101
203110
2010202
1002310
110002
3020020
300013
2112001
3202000
301111
1010110
102211
4003
102103
20401
3021100
1000102
101320
1031101
1021
31300
302110
210103
4010020
303010
3001021
3000040
1020031
210310
104011
1101301
201211
2200000
1400101
1102201
12121
2012200
2030110
30004
1002103
201400
232000
2202001
200200
3010120
203011
42001
1411
3000022
1101013
213100
2110030
2022010
111220
11011
103300
1021021
30121
120112
1120102
120010
20140
11032
1011031
1003000
2301001
1014100
1231
2030020
2000032
214000
211030
1200022
30103
110014
3300001
2140000
1210030
2100301
1013020
1212010
230011
300100
140110
40012
210211
1202020
210220
2300011
2000002
3010012
400111
411010
1303000
2021200
30130
102031
10111
1020301
123001
230101
400300
301000
3201100
1213
24100
2010121
1101010
41110
2311000
3102100
2003011
1220110
2000020
11014
212200
2210101
2400001
420010
204001
1003
3220000
1110103
1101004
1024
1020040
1000132
2020120
2100400
100201
2023
1110202
2002111
1231000
2020
1110310
111310
2002000
1000210
20020
2001004
12400
231001
3210100
213001
11200
1131001
100321
4000
2001010
10222
21103
10201
1100230
2012002
1110301
2011000
1022200
420100
1101202
201130
101101
2301010
3000400
4000003
1110004
2300110
103210
1210
2000302
112000
220201
100240
400000
302011
1012021
1112200
311020
1102210
1001041
3000211
2110120
202012
2040100
3020011
1102300
2320000
301
2100112
1011103
1122100
21220
121120
313000
1001032
133
1041010
20302
200221
111031
110311
10033
41020
1031110
331
3100021
2013001
2003002
2221
4000300
4010002
1000213
11203
3000202
2000221
22021
1013110
1013101
2310100
3300010
4021000
1302100
2400100
2041000
2112010
2110012
430000
1042000
200311
22210
21022
33001
2101201
1012000
31030
2203
12301
22201
120022
2002120
4000021
21211
4111000
3102010
2002003
1021000
1120
410011
110221
402100
240010
3120001
1000420
2021020
31003
2020012
201004
40120
1004101
3110110
141100
1030300
1000240
2000014
3100000
340000
3200110
111010
220111
1110400
2010112
1010101
1002013
420001
202201
1230010
1103020
1031200
10300
40300
310111
211
110104
1004002
201220
1402000
1200040
1003111
2003200
2103010
1300120
100024
121102
4102000
1130002
20410
1141
1001311
2001400
222010
11110
2220010
1310002
4001110
122020
300400
100303
2300101
130111
1200004
1100212
2221000
1020013
1000120
1000000
20212
1100113
1033
110230
3010
24001
202030
31102
3002110
202003
1123
1104010
12112
1201102
4012
1031011
3020002
40000
1201
21130
1303
2102110
141010
1400110
100132
21310
1020022
21100
2200021
10120
1000222
1311100
1100131
210040
1410100
1000030
3010201
310
1004011
2110000
300010
1122010
1221010
1202011
1300030
4200001
130000
1100032
1021003
200113
1021102
130300
3011200
1003012
210112
110200
201100
2100220
1002130
2112100
3001030
3200011
11302
221110
2100004
3012010
212101
2000230
1010311
1200310
12202
21202
1000330
1121200
1101220
110041
11140
20200
120031
2101120
20023
2110102
1131010
10141
4111
2002
1000231
310012
310021
202021
12010
131011
223000
1030003
3110002
2000023
1004200
130210
201040
100420
110101
1120300
4001020
1012003
100222
3200200
3003001
1000321
1222
4201000
1113100
200110
11221
103030
120400
2102011
1022101
4000000
2120002
1032001
1014001
300301
2010022
142
3021010
30001
3001003
1401001
111130
1111
13300
2302
11113
2010301
1130011
22012
120310
120301
12031
200020
30310
1020202
1002202
211102
1330000
1013200
1023010
13003
2002102
1101001
1011310
30112
1001011
202300
300220
33010
240001
30010
41011
2121010
40021
11023
113011
3004000
403
401200
124000
211021
1003030
1002100
100402
1420
2003101
31120
2131
200320
221101
1024000
201301
2012011
322000
3030010
100
1121002
30040
1000123
1011013
2000200
13000
4011010
1101103
1420000
2020003
4000120
2201101
313
1210201
2020300
1130020
23002
2004001
2014
11212
1202200
30400
3004
113020
110110
4110010
2201002
1110010
14110
101110
304000
2020102
32101
101140
2003020
1301101
300121
11311
1000003
1012300
112300
230110
114100
2110201
2101210
1201012
241
140011
2022100
41002
104101
330001
1121020
1141000
210010
31201
301300
300004
1410010
1201030
2000410
110140
1010410
2100013
1100104
210013
1000411
2102200
4000210
2010031
1002010
1230001
2101300
300001
200014
3100003
3010003
1200400
2032
102040
4021
1300003
3120010
2202010
131200
21004
2300020
230002
1002112
2100010
2201011
320110
331000
3000100
100030
2001220
10231
1010041
320200
1200211
40030
112
40111
2000101
204100
130021
104020
3102001
2001031
3011110
2401
4030000
1210300
20230
2200300
1001401
1114000
3000130
2200003
101410
1030102
2140
11401
4200010
220300
4101001
30202
1201120
1000300
1110031
4030
120130
101113
1012210
3101101
113101
2020021
1221001
1202002
1100203
22120
2011120
202111
130102
1310101
112210
3200020
3010021
131020
1001140
101104
2002300
3002002
2000131
1140001
222100
101230
41200
21040
4110100
300040
103120
4100110
22030
3020101
4200100
320101
4011100
1010023
202
321010
301120
320002
2101
100114
1031002
400
200410
140020
10021
11104
10024
2001112
1042
2031100
1010230
3101200
3201001
402010
200140
11230
1030120
321001
200131
4100020
1201003
210001
1100101
201103
310030
2010211
3301000
2020030
1120201
1001122
1200001
3010102
41101
131101
202000
201031
13201
2002021
10042
2120110
310300
130120
1102012
3010030
302200
2011
2200012
101041
103012
1100110
310000
2010400
23110
4100200
10123
111004
100003
2001301
2110210
210004
1011004
1321000
2100022
40
1003201
1000021
3100030
1130200
1010302
40102
2004010
2001310
3100012
1300
400120
1000114
1301020
1020310
2010130
421000
2210011
204010
1010014
1001110
101131
4000102
2010100
1401100
241000
200401
1041001
111022
301102
102310
20104
2031010
1120021
212020
1100401
2203000
3000004
1200121
1021210
20113
1140010
1111300
2400010
103
201121
231100
410110
1210000
1200103
2001013
202120
2311
2220001
4101010
43000
2111020
120040
1210012
100102
3130000
300031
20002
1102
141001
1400020
400003
1213000
1101400
220003
23200
3012100
22102
412
3002020
1300201
2021101
10
12013
1022011
2001100
1012102
122110
3201010
1100200
4012000
101311
1400002
3030001
22000
2001001
2040010
400021
112003
1010401
401020
102010
3310000
30301
1202101
2010103
1140100
211003
2302000
120001
200101
3100102
220120
40201
110113
213010
14020
2300002
10330
20041
1021201
1301110
4001200
1002031
112030
100120
20311
3030100
130201
22111
4020100
2104000
1100302
1040101
1010122
12211
4300000
410200
132010
101032
3100201
1040110
1011400
211210
110122
1020103
3220
10030
1003102
110023
1032100
1021030
21301
124
21112
203002
2031001
211000
1103110
13012
3021001
30220
201001
2200030
3001012
2011102
3210010
3003100
10312
211201
10204
14011
3013
210130
104200
10102
220102
20221
1210003
100330
112012
4003000
3011002
301210
1100014
111400
20320
1012030
2001103
1100311
3040000
203200
2011300
110131
2300200
4000030
1120030
100123
1011130
1002220
101200
401002
1112002
2210110
10411
1101130
3000001
1104001
1011022
31111
221200
3011020
2011012
410101
2122
120103
40210
101302
212002
1010113
11410
1033000
1123000
2040001
1020001
2100040
2113
4020001
40003
11122
42100
2011210
2010040
220
2220100
1201000
1032010
1120003
1211200
10402
410020
121003
132001
20011
1002121
2100031
4010011
10321
33100
1023100
100300
4210
121021
4020010
1040002
1210021
311002
120013
121
2010310
3002011
2023000
132100
110212
221002
1100410
310102
1120012
32110
43
1130101
200203
2320
13120
12040
210121
231010
1101100
2101102
4102
1020400
1411000
121300
311200
140200
12310
1003210
211300
110410
3000013
220012
1302001
34000
1002211
120121
2103100
120202
1010011
3101011
131110
1020220
1021120
1400200
2201110
1040011
32020
121000
312100
3200101
1100221
340
3112000
1230100
1010320
1103101
123100
1000042
111013
2002201
130
30211
1204
113002
103102
3110020
3103
4210000
2130100
103003
1011301
112120
1310020
1010221
1321
3130
232
102301
1200100
1102120
1102102
200011
130003
32011
11002
220000
100231
10012
1040200
2120101
1220002
3000010
31021
1030
1311001
11041
2100001
1031020
4000111
103111
3301
304
321100
4010110
1002022
31210
302002
2000320
200302
2020111
20014
3001
410002
1011040
2011021
110032
2032000
110020
24010
101014
1000033
300112
1010131
3111100
10114
312001
320011
1012201
111001
102022
1301002
102202
4000012
30100
20122
200023
201112
1111003
1212001
1020004
300022
1030012
2010004
22
2210020
3002200
1100023
1001113
113110
12100
211120
1030000
1200202
110320
1100002
2010001
322
4002010
3000103
202210
1030111
1003120
2200102
1100020
32002
1113010
3100
2021110
110203
201202
2030200
2100103
2000113
1200112
2100310
12130
2000122
21400
112021
1210120
1000111
110011
2101000
1020112
11131
2110300
1200013
2211100
102130
2200111
4120000
1130110
1120210
102400
3121000
4000201
2230
1030210
1001002
113200
1222000
330010
4011001
1020211
1203001
1203010
4002001
1211002
201013
101203
102004
1021012
3121
2013010
1201210
1001212
3031000
102001
1002040
1221100
301201
200041
403000
1301200
1102003
411001
301021
100411
100312
1011100
111100
1000024
2111200
1201021
2100130
1022110
1202110
301012
3100300
201310
2030002
2020201
102112
3022000
100012
411100
1102000
121030
1310110
3003010
2002210
1402
3120100
2110003
3110011
101221
2201200
1022002
212110
111040
301030
3111010
21001
2130010
30031
1002301
1100122
10210
103201
122011
3400000
114010
112201
2003110
1131100
3002101
1113001
1310200
2002030
12001
1300000
3101002
1001131
122101
4010200
401101
13111
2200210
102013
1041100
3001000
10000
2022001
1312
31
1101040
1101022
130012
21031
20110
202102
1002004
2000140
2111002
1110001
3000301
400210
100204
1001410
1201300
2201020
1112020
1210102
2110
1001101
1204000
300103
3010210
4300
2200201
100210
20101
133000
401011
21121
2012020
1010203
421
212011
32200
2011003
3020110
1020121
400012
220210
2001211
220021
301003
1020100
1000312
3000121
1102030
2014000
3202
1110130
12103
221011
3010111
1200130
412000
1122001
1001104
122200
13021
3300100
1132000
20203
1001230
3010000
311011
2103001
1013011
1103200
203020
100213
114001
1203100
111301
1300300
22300
203101
201022
1132
2410000
3103000
1103002
1020010
1020130
1001014
13030
2000011
1110100
1011202
2101003
300310
210031
2210002
2010010
2001022
1111000
1311010
104002
102100
10132
1001200
2211001
2120011
201010
2120020
100033
31000
1111030
210202
14200
2410
2100202
210022
101212
300202
1040020
200104
131002
10303
4001011
1312000
22003
2110021
1302010
1010140
23101
2001202
120100
1001302
2401000
2102020
3022
310120
330100
10420
1
310201
121012
101011
2000041
4101100
2002012
311101
1003003
1100320
2122000
1010200
214
121210
104110
1300012
30013
3110101
3011011
400030
2041
2121001
1011001
320020
3001102
3200002
302101
31012
1001203
100021
3101110
3020200
1000012
13210
1220020
4002100
1022020
1100041
3040
1001023
1000204
2131000
3211000
1030030
1021300
1212100
103021
1310011
2001121
2310001
140002
3001201
400201
1320100
2210200
4110001
4100011
10213
1200010
312010
310003
3001300
2102101
20131
2101030
1220101
1110013
2011030
223
3031
300211
130030
2200120
2013100
4001101
1002400
1330
310210
401110
2100100
14002
2011201
1401010
101002
1000141
3310
42010
1240
2212000
2301100
2001040
300130
1012012
1010104
111202
1004110
110401
3211
101401
1240000
1300102
102220
311110
1200220
1010032
10003
230200
2202100
3100111
302020
100111
101023
2012110
1011010
2211010
4100002
220030
3000112
1210210
121201
2000401
210100
4
122002
2212
2000311
1001221
3000220
23020
3013000
1000303
402001
1014010
12220
3110200
2102002
1200301
4120
111103
100141
1002001
200212
1100011
100000
1320001
1001320
2113000
1320010
1030201
101020
1010020
1410001
2120200
2010220
120211
230020
2000212
110302
2021011
3000310
1030021
211012
2004100
2100211
100042
1102021
1301011
1300021
14101
4100101
3001210
1110220
3112
1114
3000031
200002
30022
1110022
120220
1110040
3001120
1012
101122
1101031
3011101
2200
222001
11020
112102
2310010
2021002
11101
3100120
1000402
120004
1010212
3111001
2101021
1100140
1200031
210301
2000104
142000
3210001
303100
2000203
1000
12004
200230
1211020
1220011
1101310
1003300
1400011
1023001
1201201
2130001
1013002
140101
10240
34
12022
20032
1001020
2000110
1104100
3400
4010101
2001130
1300111
21010
23011
3010300
4201
303001
11320
1011220
2030011
2020000
3012001
123010
1103011
200032
2101012
200122
