3123210
411111
33
114222000
30004113
11100111
3300030
3411111
301110003
33222000
14222100
11400300
411330000
411300300
322200000
322200003
3003411
303000
11103111
1142220
441000111
322211100
322200111
311101140
3003114
1112331
422400
114011130
33030111
3303003
3114000
31410000
30113220
23310030
4110114
31111140
1113
441000000
311100000
300041130
111030141
300001143
111003330
11422200
4332000
330222
122211
300414000
111300111
111033030
30033111
30333
33114000
412410
1140300
300033000
42321000
30022200
3141300
111011430
30300303
11411400
1413
414000111
412110111
122100411
111013320
414000
330303
304410
411411000
341400000
30012213
11411100
14100303
301110411
111133200
30000333
22422000
11103411
4410111
3030000
314211
304110000
300031410
122103300
114003300
144000
41122200
30330300
12212220
11400111
411030300
222112110
114000300
111014130
11211000
4110141
3111303
311111211
222111000
34221
22200000
14100111
11133300
112440
330011400
314130000
222300000
31110111
112113
300411030
3031110
14241
3333
311211030
33000003
14130
11212113
3030411
300303300
30122100
30041103
30012210
4110300
3003000
1143111
112221003
111311130
30012321
14114100
111144000
33003000
31111113
1222221
122212110
112224000
111030003
30030303
12240000
3111114
3003141
1243200
141002220
141001410
30111141
22200141
1111113
3303030
3030111
41214
303030300
30011100
12211410
11111403
311100141
141330000
1110411
13320
30011400
11211141
111000
222300003
122131110
30233100
30111303
114303
111111111
111012240
30030003
11131113
111030030
30011214
11101113
412110300
301110300
114111003
30301140
330004110
222011211
3002331
333
112110003
31140300
3003330
330122100
311130003
300013320
114003111
30003141
122403
300011100
141300000
141303000
33112110
4221000
301140
411000141
341100111
33000222
11130300
22211130
11214030
2221110
2220003
331110000
222001410
33300003
31122210
311403
4440
331410
114030
411000111
300030114
14111100
2332110
30114030
1222140
113223
141111300
41130300
11211003
3122400
301110330
322230
411111111
300300033
112141110
11403111
222141
141
300113220
300034110
30003300
3412110
303300030
114011400
3030303
41103
33300
31440
33111300
22203111
4141110
3000333
1114110
23313
141030300
11103033
330000
114111030
111033000
11104221
11100300
301110033
12240030
3411030
11133000
11130411
11101410
2220111
144111000
133230000
111033003
111011322
41400
11141130
2442000
411111030
33030030
22230111
11214300
313320
111341100
31140030
30002331
3002223
322311
300111141
222033000
1413300
1123320
30002220
3114111
3031221
1410141
300003330
122101221
111300114
30303003
300441
222003003
30011211
3014400
303111
3114
412410000
301143000
141011400
122100033
111001140
4111221
1111140
311411100
141000303
122211000
1140303
3322200
1132203
111322200
41101140
31124100
4121130
111330
14103
114114000
113221110
30011430
3001413
301413000
111311400
1114113
12210111
11400003
3111
3144
122211003
114300000
41400003
30013320
300222
314103000
42211110
11114130
3001143
412121100
41100030
12213030
2223111
222111003
1232130
3030222
301141110
300041400
30141111
11400000
2220411
1440111
1413000
312240
303001140
111233100
30422100
3003222
11101221
1410003
302220003
233130000
111303030
30301113
442110000
411003300
30033300
1143300
1140030
411030030
411014100
300001110
41211003
314130
411112110
300112110
22222200
2334000
1143003
1121211
411000003
331110111
41403000
2221410
30003111
3300141
3030030
41403
1110
414111000
142113000
122130111
14241000
14211003
4413000
300122400
41131110
33041100
22201140
111222300
144111
3041400
300300
333003000
111122130
3333000
3330030
22241100
122430
114033
411003003
301111140
300114111
30122400
11100333
1113300
414111
141111
341101110
111222003
22204110
112413
11114400
1422210
330300300
303011211
300300030
134310000
3000330
301440
322230000
300300114
30311130
30014400
300141000
144000003
111141300
111111411
33000411
11322300
312221100
303030003
144000300
114001410
133200
222
314100003
122100114
11401410
22341
33011103
22200303
12324000
4111113
300012213
300011403
300000333
222004110
330411
223221000
111330003
111003003
41212110
411001221
330111000
311211111
233103000
303114
11430030
3003111
2223300
1410330
122400000
30111411
11103141
411
312211110
300001224
11104140
330330000
111031140
44400
1224
33000033
304140
133200111
114022200
111003033
42240000
32331
1332
311100114
303122100
22230003
1111221
112221
11103
2220330
1140033
414300000
330041100
300111222
222000411
411301110
330114000
30111300
3004113
22201410
3441000
111411
4221
112110300
41401110
30123210
22311300
411011400
411003111
301440000
300301113
300111
301140003
12432000
12210033
11130303
30001113
1412220
2232210
411003
314400
3141
300003030
12211140
12210300
4121103
1421100
1110222
300123210
122122200
14103300
12210303
1141140
444000
111144
41101110
11222130
11103000
1411113
311130030
11241111
11211114
11101140
311322
223410
330411000
111001410
30322200
11111214
122111130
1111143
304110
330003003
330000141
303111300
303000111
111141003
111111141
111000441
441000
314101110
304221000
300302220
14133000
33030300
32331000
4124100
2220033
300300141
300004140
300003303
222001221
311130
423210000
300411003
222000141
3011430
11211
14211000
1440000
412110003
333000111
112111221
33004110
3111411
3014103
3011403
41102220
30001224
3314100
141300
344100000
301140000
114300003
114000111
111411030
3330000
301124100
111000330
33011211
11142210
3312210
1332030
311122200
300300330
144030000
41211000
3114003
3033003
1132311
1113111
411111003
300114003
122100300
4143000
3013320
3000222
113220003
31111410
22200003
11131221
14100141
12224100
4110000
3113220
314100111
301221300
141000222
30330111
144030
303300111
3111141
413220
11100
11112210
3031140
233100
13323
301140030
300141111
300014100
30011133
30414000
22211211
22200222
11100114
300330300
141030000
111011100
41100300
422211
114222
311211003
222000000
111001143
1224111
23421000
11401221
11131140
3303000
411303000
300311211
300303111
111000411
3030141
12210
3001332
1413111
141300003
141012210
111300141
12211110
30111033
14100411
344100
300300411
112113300
111304110
33012210
2220141
1232100
322201110
33022200
30122130
14112210
330030000
300012210
114000114
30001413
4111410
330311100
300330003
300011130
30300141
31140
111003300
41100003
34221000
441003
11441100
11112213
2223003
30111
142111110
141300030
31113003
30222003
2442
2220000
1121241
441030
111000333
32220030
14100003
11322003
222012210
114003030
31121211
4110111
333111000
300411000
300144000
223110000
3300330
1114410
412113
224220
411000030
300222003
42210111
4110222
41100141
14100033
3233100
3011133
303001410
222003000
141000114
122101410
30033
300000414
233400000
11122230
2231100
1124100
111303
303000114
300114300
30003330
11211330
44103
14133
341130000
303002220
300301410
111011400
300033111
31110303
1410411
114411
1113411
44130000
30111000
4140111
3011214
112140
22203
411012210
312210030
30441000
11214111
23311110
14100000
3300300
1224000
322311000
300311130
222022200
141033000
11101143
3000441
330001110
300122130
141030003
111122100
4410300
30004410
1144110
330111
300042210
300001413
111111003
111030330
114003003
111011403
4110
330000114
303041100
303000303
222000303
111003114
12210141
4110030
322200
330031110
330000033
300133200
300022200
312213
3330111
303000330
41241000
34110003
11214000
301112220
142110300
111441000
44100030
441030000
322200300
311100330
303022200
1113222
2331
30411030
30303111
30112410
11112240
112110030
3001410
1440300
1121133
300422100
141411000
122400111
112410003
133230
114301110
111300222
3300222
3042210
11100330
3011130
1232211
1221411
303001113
300111003
222030003
111414000
1141110
14130300
12243000
11100033
1122210
330003300
300030003
222001110
34121100
300144
411002220
300001332
11102331
1111440
11400114
441003000
441001110
303111030
111033300
22230000
4221111
3112140
312210300
300031140
141222000
114111300
314100300
301413
44100
1121430
411303
30330
300000000
111303000
111301140
111001110
11403030
11400303
1222410
330112110
300300303
111112140
31232100
22212210
11134110
11100414
222033
333000003
300312210
122211300
41400300
111030303
111001440
313320000
301110141
300014400
300003114
3144000
2242200
1110033
422100000
303000411
44103000
11400330
2221221
411000303
222011103
33001221
31110411
411011100
303300003
14101110
1332300
331113
11430
441000030
224220000
33111000
11144100
222000111
111031110
31410003
12210114
304110111
303003111
300122103
300111303
11222103
1141221
144003
33303
12243
33003300
31121400
4111110
1114221
412113000
312240000
311101113
41130000
30030111
12222210
11103003
330003030
223111110
112221000
112110114
3411000
2220222
1113003
223121100
111022230
12210411
3330300
331110
30300033
11130114
11114100
411003030
330301110
301410000
112122210
30000114
22200330
331110030
111032220
111011103
31112220
12321030
11401110
11100222
3331110
311430000
301410111
111301410
33000030
30222000
14211111
12241110
3004410
41100114
30300114
3001440
323310
133200030
122111100
111331110
30000000
114000
1223220
114300030
41211300
11133003
4122210
122133000
32220000
411300
14400
422211000
300044100
222041100
141000141
30300222
30012240
1140330
411141
422100111
300033030
142410000
122100111
114001110
113220000
30001140
31113030
31110141
30300330
11242110
411031110
330030030
330001221
300300222
2331111
1224030
1111332
30314100
30001143
11211222
1410030
312210111
302221110
300002331
33000000
1221000
14100114
4224000
3000111
111441
412110030
300141030
123213000
22231110
30300
11400222
3303300
303033
223410000
114041100
111311211
14111211
122103003
23421
11244
411030000
233101110
141004110
141000300
300233100
14100
11112321
31332
30144
111022203
111004113
41400030
114003
30001110
22314
414001110
303012210
300030303
122130000
111004110
33001140
3032220
2231400
303411000
300330000
300112113
222030030
314100
3222111
1112223
223140
22311000
3222003
314211000
301121211
111311103
112110033
41100111
30411000
11100000
311100303
303011400
301140300
300300111
14103111
11130000
4113111
11241
31121103
122133
330141000
330030003
300112140
111030222
3141111
331221
222111
114111111
111000111
31110330
11123310
42210000
1440003
300330
32220
411300003
222303000
111111033
111044100
114141
31110
303000003
141022200
141000003
30030030
222114
114
33303000
3411300
1410000
331140
11100003
411022200
311133000
142221000
111041100
3311130
3301110
3001113
141003003
31410030
31224000
30300300
42213
223113000
13431000
2220300
1432200
1113303
1110330
1110144
301110
303003300
300030030
112410030
41103000
12324
1143
114030300
30411003
222303
341211000
301121100
233100030
144001110
33000300
12221211
3012213
3011103
311211000
222030300
112111140
111114000
441111
32231100
13320000
1110441
444
411004110
303111111
222111111
111004221
302331
133311
300001113
114000030
11141103
3030033
331113000
122400030
412110
122241
311100300
303222000
142121100
1421103
122141100
112411110
300300003
300014130
111002223
13321110
41111103
31111110
112410
301132200
244200000
141111000
141000330
11400411
3301140
122100141
30003114
301221
30303
304111110
142140000
112410111
3300111
30003303
112110222
111300330
111113220
30300000
2223000
1410033
3222
300002223
141112110
30041211
12321000
30141300
2224110
1121403
411141000
331140000
222300030
112413000
111300
300341100
112110411
111012213
22200114
44111100
30004110
14101140
11400
33003003
30311100
11212410
11122311
4410000
2221140
303114000
112410300
112332000
112143000
30001332
11211300
11101440
222000
301113111
122130030
111033111
30003003
311103030
300301140
30014100
12213300
111000303
222000033
144003000
14103003
30000
441000300
122430000
114111000
33031110
42240
411041100
122103000
111003222
22203300
30014211
4113300
1343100
411011211
111002331
411300111
300111330
11133111
411114
30312210
33111
330011211
111030300
41100000
33011400
1143030
11133
414000000
303300300
300011214
11141211
30031140
11233200
301110030
141000030
123321000
30114111
11400033
11223210
1140
41104110
41103111
33141000
31114110
3111030
1110300
301224
311211300
301113000
114300300
11104113
330000303
1421130
11130003
3112110
1232103
31410
411001110
111411300
30041400
30031410
1221222
303011100
300304110
31110033
3114300
11103330
303222
304140000
141000411
111022200
11130030
14400030
12221100
4221003
3011322
300111300
300022230
114141000
31221300
122400
23321100
3000303
111222
330111300
314100000
311100030
30333000
12213000
3311400
1111410
304121100
111041211
31141110
30022203
112113111
3330003
3223110
3122130
330000300
311400000
111000000
114011211
1111413
134310
31221
112140000
33001113
11401140
300033
300412110
233100003
33000141
3004140
3300003
11101224
3141000
33301110
30122103
30000411
11111100
11211033
3311211
1121130
114030003
44211000
30041100
22211100
4111140
3044100
3022311
1232400
223140000
222030000
111303003
12210330
30414
11111211
11103222
330033
3300
111301221
41101410
30030114
30022230
11104110
133203
3003
1221
300114030
111141030
111112221
14131110
11411130
4411110
3003030
44130
300031221
222301110
111330111
111031113
11141400
311103
112410000
14400003
12210030
11214003
141000
122100222
111011130
33002220
14101410
112440000
30030222
30011322
111023310
3004221
1122321
33033
330030300
111000030
3441
303303
111033
122403000
31413000
4140300
3003303
30001221
23310111
2331003
41130
300301110
122101140
114303000
30001410
34110
122112210
11212221
11111322
3022203
3033030
122100003
111222030
33011130
31221030
11111130
1332003
1221141
222002220
142110111
122322000
114000000
33330000
1110414
41241
414000030
331221000
300314100
223110300
411011103
303311100
112140030
112221111
3300033
30003
300012240
111012321
30031113
30411
114300111
41100033
1113030
3003033
312321
330300030
113331000
12210000
12210003
4110330
3133200
2223030
300222300
144000111
30141003
11102220
314103
122322
114011100
111414
114033000
111003141
30003411
3000003
341111100
141011103
141001221
123210003
42321
30
300003111
31110030
12240111
3111033
11241300
3033000
311403000
41111100
31113000
22230300
222000003
3033300
22233
1111110
114300
301410030
111004410
31221003
13320030
312321000
11100441
333030
411111300
222114000
222000300
114030000
300041211
112121400
13320300
33114
300001221
13320003
3014100
3003003
3012210
3122100
1441110
1222113
33003
300411300
300333000
222000330
22200033
22341000
22201110
11131410
11102223
341103000
311103111
112121130
31143000
322200030
111111300
11100141
3001140
3000033
423210
311130300
301110111
300003300
111123210
30000330
3011100
311211
301221003
300000003
233111100
141003030
141030111
111300000
111301110
30222300
323310000
301221030
300003411
222111300
1410
3112221
3030330
1221033
24420
300030000
114031110
112124100
3414000
3011241
413220000
300000033
30112110
14111103
141000000
112121103
3002220
33222
300222000
122401110
14130111
12211113
411003000
411000033
303030030
341100
123213
414011100
111142110
3030300
141030
222011400
11430300
1110141
33011100
13323000
12321003
12213111
312213000
300011211
222300111
111114003
3023310
30114
222031110
11431110
1414110
1122213
300222030
30311400
11104410
3000141
300000
301113300
300222111
144011100
111002220
11130222
142221
300223110
31421100
30303000
14122200
4332
301410003
3012240
1124103
31113
311100
14430
42213000
14103000
3301221
422103000
141111111
122211030
112110141
3414
11322000
11323110
3303111
31224
303011130
123210111
1421211
141031110
34110111
11333100
3033111
422130000
311111103
300114000
300001140
222411
11100411
1440
111014211
33001110
30000111
22203030
41103003
30311211
30000441
4413
222300300
222011100
222003030
112222110
23310
300011241
122130003
30411111
30302220
330300111
311112210
303000300
301140111
30011103
12322110
2223
3222000
141003
330002220
311400030
31440000
30000033
30003222
12240300
111333
311212110
111114111
300000111
14101113
4132200
3000414
1112220
30441
112121100
30222111
30122211
11211111
304113
2220303
311141100
111011211
11212140
1110000
330111003
11101413
1332000
11114211
301143
4410
411000114
234210000
31113111
11141100
112332
31121100
14403000
412140
341400
3111300
2221113
41211
330303000
311130000
11100030
4410030
300111111
32221110
3300000
111300411
22201221
22200030
4110003
330000000
300031110
300014211
300011430
22230
222000222
112111410
41411100
31110003
333000030
330000330
303112110
300122100
1113330
302220
141114
113331
141003111
114001221
113220300
300303
311214
122100330
33000330
30030300
322203
233211
3330
333000300
11211030
3014130
1140411
111001413
11244000
4113003
1132230
112110111
124320
44211
4140
330014100
11222400
1410303
1121322
33111003
1443000
300303030
124320000
114112110
114000033
2220
303111000
41222100
141141
34410
300022311
2220114
31410111
1421400
1221111
30000414
24420000
3000144
311214000
311114100
300141003
222000114
304110003
222411000
3041130
303330
311111400
300300000
111411000
11103114
22230030
11113320
4121400
333300000
303301110
302331000
301411110
300330030
300311100
1124400
304113000
111001332
3411003
3003300
30114300
30044100
11213220
330300000
111330030
111111303
31140111
41130030
4232100
3311100
233130
441000003
331111110
301222110
141311100
222300
14214
30303030
23340000
11400030
123321
341100000
333030000
330012210
111303300
11111241
1110333
122100
1443
114000303
113231100
111000003
44101110
330001410
411411
114122100
30300003
34113
411033000
311400300
301110303
122111400
30033003
3422100
1122240
342210000
330000030
300012321
111314100
300041100
30301221
122241000
23310300
11130033
11122200
303303000
303001221
300023310
300011133
1113114
411330
123240
300000030
3000030
123210
11103030
13331100
302220000
301121103
300311103
111111330
422130
33000114
11111103
3301113
1221114
1221330
142110
411114000
311103003
300041103
111141111
111001113
33111111
3222030
414030
303030111
303003030
301111410
300441000
3111003
141011100
122114100
112140111
33111030
111001224
14400300
142140
441
301121400
300031113
300030033
111222111
111030033
44100111
33300030
33030000
422101110
311101221
300141300
122104110
30114003
341211
14403
333003
23340
111
411000300
301114110
111022311
11211411
12332100
1424100
114330
11222100
3141003
1110303
222330
112113030
111300033
22200411
12221103
141303
141033
2231130
300414
311400111
300330111
123240000
111412110
133203000
111031410
303030
143220
3411
300003222
222014100
14104110
4112220
141003000
41322
4143
414000300
330030111
303030000
300003141
1411110
311133
303300
411001140
30301410
22214100
3030114
111034110
34410000
33030003
11404110
300331110
300301221
141030030
112114110
223221
4140000
1124130
1113141
303411
300142110
111300300
30112113
33001410
30300411
3300411
22322100
14211300
11241000
3
411122100
301221111
11122203
1110111
223110111
44100000
330030
3000
301224000
112140003
1141410
113220
11103303
1440030
12321
122100000
41100303
11411103
11403000
111030111
41211030
222311100
141011211
114011103
112110330
30300030
411311100
300011103
141301110
111041130
111141000
30031110
22200300
14322000
312210000
141141000
114000330
112111113
12321111
3142110
300030
300003
43320
11214
41211111
30032220
11411211
300114
3041211
144300
331410000
330003000
122102220
30330000
111014400
111000222
41400000
30004140
334110000
300111411
141000111
122111103
11132220
11222211
3041103
114111
111030
441300000
300000411
30014103
22203003
33030
300011400
41103300
3311103
1140111
33141
303000000
300111000
233100111
222001140
233400
22422
304410000
301111221
113223000
330300
34113000
14130030
1121214
330033000
4121211
1221030
113220111
111122211
111004140
31110300
341100300
330111111
303011103
301410300
11133030
1121400
41101113
31110222
3114030
300112221
300004110
222011130
114002220
30111114
4113000
330000222
141111030
111300003
41111211
30300111
3011211
303003
111003
141041100
123211110
114014100
111030000
3112113
1140003
33033000
31222110
30030000
11400141
33000111
30003033
1413003
31413
311103300
300030222
111111030
111003000
3030
2220030
1140141
411030003
111111000
34111110
14111400
111000300
30111111
141330
144
300033300
43320000
1111224
1110030
411300000
311100033
303300000
301232100
1221300
441300
11322111
2234100
2222220
1410111
330011103
222222000
133200000
3041100
11430111
330022200
301110114
111014100
30112140
3112410
141000033
122400300
33300000
11131110
30000222
30000141
223113
411000330
333011100
303003000
111411111
111330300
30042210
4421100
334110
422111100
311101110
111041103
111000114
412111110
311111130
111112110
330330
303031110
111122400
3014211
1222110
30003030
3341100
112224
12213
311401110
301110000
34140000
30142110
1132200
433200
330300003
143220000
114030111
32223000
414
112110000
11114103
1140000
411033
30330003
30111330
22314000
142410
441011100
314400000
303033000
222003300
300001440
111011241
111003303
33000303
411011130
314111100
304110300
301121130
3022200
2231211
1110114
30030
22201113
12221400
422100
22311
411000222
303000222
300004113
300002220
41400111
30031221
23310000
22311003
411001113
303000141
122103030
112111110
122103
12240
314100030
300014103
41430000
1413030
223110030
3000114
14212110
14111130
1411140
1410300
414003
312210
422100003
30223110
3301410
1224300
3111330
1114140
311400003
300000441
111114030
30411300
331110300
3011400
222030
2334
300022203
112140300
111330000
14130003
1221003
3303
411001410
303141000
233100300
14100300
11111430
30141
300411111
112421100
111111114
33003030
3001224
332220
122214
144000000
114030030
11101110
3300303
12211221
311131110
302231100
114001140
12321300
303003003
114411000
41100411
31332000
303000030
300000330
111014103
30033000
30030411
14130000
1410114
411222000
233211000
111312210
31110000
301332
14400111
422400000
332220000
141014100
41100222
3031410
111302220
42221100
14401110
14214000
30022311
13431
330001140
311222100
111112113
42210300
33003111
11101332
233103
302220030
122214000
114000411
34110030
330000003
33122100
3031113
1410222
30301110
11430003
11403300
1224003
300030300
114000141
112110303
111303111
411000
333000
14211
12214110
311400
11433
11322
223110003
141011130
30112221
14100030
114003000
30303300
30001440
1332111
233100000
141001110
122111211
122101113
333300
300303003
300004221
111333000
11414100
3001110
311100111
133201110
111030114
30023310
1113033
31143
300300300
133200300
31140003
3030003
30114000
22311030
300333
330011100
123210000
112221030
31410300
112221300
30111030
3111222
41141100
22233000
14141100
12213003
422100300
333001110
142110003
141003300
4114110
301113
222003
301421100
111041400
4113030
114114
41100
302220300
122130300
111422100
111111222
14211030
3222300
300033003
222030111
42210003
30014130
311100222
111311100
41111400
341103
141001140
111012210
41112210
30011403
303014100
300030411
300030330
300000144
14103030
11103300
12432
30000144
22200111
13320111
4224
330
122411100
112112220
30330030
4221030
42210
300
301113030
33411000
3000411
1124211
41101221
30141000
30111003
22311111
412221000
311102220
222003111
112232100
12240003
141222
411300030
111031221
422103
4110303
3004110
2231103
341130
414000003
141114000
31111221
11100144
141411
114001113
111411003
342210
303141
301111113
144300000
30030141
30002223
222330000
1140114
11130141
330141
222001113
41130111
30041130
111114
330001113
312210003
311111100
303001110
31113300
30311103
23313000
14101221
123210300
112132200
111000414
41130003
4440000
22211400
14411100
142113
311103000
300003033
122222100
122100030
111300030
41111130
414300
4113
300111030
33411
311322000
113220030
33300300
31110114
4110033
3001221
300001410
32220003
31221000
4410003
144000030
412221
30000003
3111000
330003
300000300
122400003
111001221
302223
1140222
11403
303004110
114000222
11241003
2342100
31121130
34140
300011322
300000222
141122100
112113003
23310003
2331000
2331030
32223
411000000
111301113
41100330
30000303
33014100
30341100
30304110
30011130
303330000
303111003
123221100
122100303
14430000
2331300
442110
41430
30000030
3141030
1113000
311430
301111110
300032220
111003411
30003000
14100330
4140003
301410
41133
341100030
300003000
112113000
22211103
301122210
300303000
141111003
1411410
331121100
41114100
3304110
311241
111300303
111000033
44100003
41103030
412140000
300311400
300111114
300030141
33311100
33300111
31411110
30030033
222222
112143
311100003
133211100
111223110
411030
32220111
12232200
3022230
14322
303
411111000
303000033
114311100
223110
11412210
4110411
330114
301332000
111030411
34110000
22203000
30222030
30144000
14100222
11403003
414030000
412110000
300000114
31140000
1121100
444000000
311130111
14102220
1233210
1221303
22200
330222000
300122211
222000030
22312110
330111030
142110000
30141030
30000300
114004110
112121211
111011133
111000141
414003000
411000411
304110030
133311000
30033030
11130330
12210222
300141
141001113
114330000
111122103
44400000
3012321
30222
341100003
300112410
32220300
3122211
311241000
114012210
111000144
11241030
42210030
3302220
300411
441111000
422100030
301110222
111011214
4221300
3034110
3033
330003111
302223000
41214000
14400000
222122100
11211303
333111
122130
322203000
11130111
1121103
1110003
1143000
411030111
114000003
30133200
4222110
11322030
4140030
11130
331110003
30331110
3300114
1133310
1411221
111111
142110030
141300300
31221111
11433000
1141113
234210
330011130
300004410
31132200
3111111
311100411
11111133
1333110
311101410
301221000
141300111
41133000
222111030
30004221
33000
122101110
11430000
11111400
33330
34110300
30034110
11212110
244200
433200000
222141000
111222000
111003030
123210030
22202220
411222
133200003
111114300
41322000
112110
30111222
11402220
11401113
301113003
300003003
300000141
122211111
330000411
311104110
111003111
12221130
4121100
111141
300030111
122103111
111112410
30030330
44100300
3000300
302220111
300111033
300000303
111042210
304221
30011241
11100303
3000000
3122103
333000000
330000111
300322200
30412110
