20310
102021
11040
2200110
1012002
1100112
201210
2201100
2000100
1301100
201
1011201
203100
1020
213
221001
1200000
130200
2210001
1010310
2200200
2101020
2000310
1010013
1002111
2103000
220002
102
2100111
3200010
1201200
10020
41010
1011021
112011
4000011
1031100
1001301
3010011
1001202
2211000
2030010
20031
3000111
101220
12210
12111
202020
1010301
220101
41100
3100110
1121100
122001
3101100
2000010
330000
102300
410100
240000
2400
1100001
1001013
1000014
4010010
1010202
200130
11130
1011210
2010210
40101
2102010
1201002
1212
1401000
1020300
110004
2112
120000
121020
2002200
3010110
1200
12
11220
100230
300210
141000
310200
1021200
110220
21120
1110003
1001004
10104
2111001
110022
1100310
400101
10410
1101003
1100220
3021
101031
3000030
2001120
1040010
2310
1140000
203001
110400
210210
10041
220020
1002300
2001102
1221000
1022100
2301
3200100
400020
42
21111
1300020
300012
1100013
1010220
1121010
3000
3001200
21
400011
30300
3010200
202110
1000002
122010
10101
4000200
1300101
1003020
1102002
2002002
1030110
2030001
2102100
310110
41001
1100022
1000212
2200011
310002
300
1320
410010
21021
1001121
3000201
3011100
1101201
100014
101211
1010100
1002012
102120
31002
112200
1101021
1000131
1121001
2000400
2100201
210201
1120020
2010021
1001112
1011003
1021101
103110
111201
32010
110040
20010
101010
22002
211002
1110201
1020000
201000
3011001
23010
1031010
2111100
102003
3201
302010
1112010
210003
1101300
131010
211020
13101
1104
1400010
2022
32100
130002
200202
3021000
2110002
10023
1040001
211200
101400
102210
1101210
2220000
303000
24000
2001
231
210120
101130
2000220
40200
4110
21201
10401
110031
220011
3001020
1111020
1003002
30102
11004
20211
2121000
1030002
11103
111030
100041
2100210
1100211
1300200
2003100
2010
100200
104001
10311
1101
3110100
2010030
420000
1001310
1020021
103101
4100100
21003
12021
10221
120210
201102
1200021
4002000
1220001
402000
1120110
3000000
4011000
2202
1023
110013
130011
121011
3000300
2012100
2100
2101200
1103010
1004010
1102110
100311
1200003
1030200
220200
1311
1120200
1220010
1012200
221010
300111
3100002
2031000
1001040
111102
300003
300021
1120002
2001030
200031
1013010
1020012
2001012
4100010
2022000
301011
14001
112002
10131
2121
303
2002101
202011
1000203
1000101
1002003
2001021
110301
200112
111210
11112
1311000
2210010
1101102
1011012
110112
42000
222
1000320
4200000
3010020
1003011
200121
10113
1300002
300120
120111
3200001
1210101
1030020
1012020
2000022
13020
112020
101301
12102
1410
1210002
102030
11013
1202010
310101
100221
1210200
131001
141
30201
103011
2040000
2021001
3300
1012011
301110
100113
4011
1014000
2031
1131000
31200
202200
1011000
102201
2300010
123000
4010100
2020101
32001
130101
210
120201
301002
101202
4020000
201030
1011
100203
1020210
23100
212100
110001
101112
1100100
2100102
4002
1230
1032
1110000
102000
40011
12120
112101
204000
1041000
2101110
100401
200103
311100
1010010
140100
102102
203010
1102020
10032
20022
1200111
1202100
12300
1112001
31101
3002010
1000410
100410
1001211
1020102
140010
102111
4001100
1041
12000
1002120
101100
0
1000023
1122000
2120001
300201
40020
13002
2103
3100200
33000
210111
10014
1010004
212001
30030
1021020
1002201
310011
1020003
30012
30021
211101
210300
1310001
3
1013001
14010
1110
2400000
302100
3000120
1120011
2011002
101310
320100
1130001
1021110
112110
20400
110010
2000112
1320000
3100020
100320
100302
2010012
111000
411
211110
300030
312000
2003001
1200210
4020
2000121
11202
13011
2030100
4001010
11022
100032
110100
3100101
22200
21030
1201110
11211
2310000
1032000
3020001
2200002
3020100
100101
1200102
10320
1001130
1001001
120
101004
1202001
2001003
3101010
130110
2300100
230010
1000110
120021
2100300
1101000
4200
1002
401010
2111010
4110000
2020002
1211001
100122
1023000
3000210
1002102
1212000
1031001
100011
4000002
4000110
121110
1410000
113001
100020
2001210
11310
1002000
2201001
10110
2010003
1011102
1040100
22110
231000
1200012
104010
201201
114
3030000
213000
1001100
1002021
121101
301020
20013
401100
4000020
4010001
21000
30210
1004100
132
1102101
102012
120030
3003
3210
1102011
20112
2100000
1010040
1110030
2110020
2000301
123
3003000
210030
100110
3102000
3111000
20100
1020111
200301
100023
24
21012
2120100
200004
4101
1000401
1201011
402
121002
2110110
1021011
1140
2001111
3002100
10302
3001101
2002110
1120101
211011
310020
1301001
2020011
2101101
230100
1000302
2010120
20001
3111
11121
2200101
3000021
1110210
110130
2004000
2001300
311010
201021
2211
200022
10011
1220100
2000001
3000003
222000
100131
1122
3101001
10002
1203
120102
1101120
1301010
30120
2002020
1100130
130020
1110120
10140
1113
1130100
2010300
2101011
1012101
1100004
20040
2020110
2010201
3010002
3110001
2010102
101121
1200030
301200
1030011
10212
2110200
3011010
1003110
2013
14100
330
1002210
1102200
1010103
2020200
1020030
1014
103200
411000
2011101
2013000
3110010
1010022
2002011
3030
1020120
2040
2000202
1001400
11031
1302
1012110
2011110
1003101
1011120
101022
2021100
410001
2130
122100
1211010
200211
1111200
1112100
1011030
3012
1100121
202002
3000102
110202
1110102
1230000
3300000
20130
20004
13110
2000031
2100012
1302000
1001103
321
1000020
3120
3001002
2000040
1000113
401001
1200300
3012000
1300011
200001
113010
1100400
1300110
1000122
1210011
3002001
1020201
1100040
1221
1002030
1101030
12201
11010
12012
1010121
1401
201111
30
1000041
1000230
2000103
4000101
2110011
120300
4001001
1011300
2012010
3010101
114000
3201000
1400100
312
2100021
2220
11301
1310100
1100031
2100120
20220
1010130
201120
11400
21210
4100001
103002
111021
1110012
104100
3001110
1000140
3000012
21300
420
400002
1001010
2000130
400110
210021
2100030
1210020
1013100
31020
2001201
301101
1131
111
3020010
1103100
111120
400200
300102
31110
1113000
2110101
110211
2100003
20202
1000104
113100
110310
210102
302001
1100010
300300
120012
201012
101001
21102
1103001
1010400
1010001
1000221
132000
321000
110121
3100011
101040
200100
100140
10122
2300001
320010
111012
33
22011
1100202
40002
10230
2003010
200010
10200
1010031
1000311
1200120
12030
111300
101013
210000
1100103
2011200
10203
2004
4101000
1310010
31011
2020020
101103
30111
2210100
2201010
2120010
1000032
2012001
1111002
1021002
1001022
11100
30003
22020
201003
23001
120120
1010112
2010111
230001
320001
111003
220110
1210110
3120000
2112000
1201020
22101
2200020
1104000
200220
2011020
110103
103020
2101002
100212
100104
12003
2011011
1022001
1000011
2301000
1110300
20103
1030101
1001031
311001
20121
120003
200013
212010
1110021
200400
100002
2000013
13200
2010000
200040
140001
2001000
2102001
2000004
300000
1100301
121200
11001
1200201
20301
1000200
240
131100
202101
2130000
201300
2000211
221100
2202000
200310
1022010
204
1400001
1003200
1203000
30000
2021010
40110
1004001
1001220
3102
1211100
3210000
1130010
1201101
1101012
1010211
3001011
210012
