120110100
100010103
210000012
201003
10100100
2001000
200130
102201000
30102
120001110
11002110
130110
303000000
102000021
30001200
2111100
10022100
101010210
102000
103020
1100202
200001
2100000
11020200
1011021
12000012
101310000
121001100
210110001
111300000
11000310
11001021
10000200
40100001
20002101
100221
2110002
100120002
101000220
101000121
201120
13010001
101201100
11010030
303000
100111101
1111002
101010201
101000010
1120200
300100011
100003002
100120110
1121001
220000002
121010100
300101001
10030002
10012200
100100121
200012001
300102
120300000
1001031
21002100
102210000
200210100
100001400
10000041
3200001
130001100
2101110
100031010
1001103
100000221
30011010
10202010
400000110
400000020
200001000
11003100
3000021
20301
10301001
31000200
110000004
103002
100100022
3011001
30003000
1300200
10001220
20110002
2301000
202200
2100021
22000011
11201100
20001102
2120010
201010110
12012000
110000103
10103010
2001021
24000000
20200110
310200
301011
200010
11010012
30010011
10030200
210020001
100020120
13020
12020010
100410000
200110011
100200300
201020010
1221
10210200
112010100
110301
100102002
2010030
101200101
110200011
2400
12020001
200220000
1110300
1001013
120210000
111001002
210000
110103
1202001
131010000
10011300
110000010
20101002
100010310
1001301
211000200
1004010
20001300
102000012
10212
10040010
10002000
310020000
111000111
1011
210000000
100020300
100201011
10100001
3020010
200200002
2110200
100211010
2010120
220200
1021002
222000000
401100000
101004000
10002210
10201011
1012002
42000000
130100010
110120001
1014
110001111
210100110
300100020
112010001
300010002
300000201
10110
110012001
121100010
101200002
100000041
10110210
401001
11201010
120200001
400200
120030
102111
11100021
2001
300010110
20030100
10203000
13100100
130011
100001130
100022100
11001201
2200002
21002001
102100101
400001100
310000020
2211000
21120000
101010000
10000113
11000013
30030000
11031
10120011
112000011
11020002
110001201
200000130
120000012
100203
1110021
112001010
12012
100110012
100023000
200020200
21020100
102001011
200301
1002012
102110010
11211000
122100
201000210
130011000
110000211
11003001
301200
2100210
110040000
101010120
21011010
400011
2000040
2121
110110011
310000101
3111000
100121100
110200101
200000100
20000211
10210110
201001110
210012
111030000
203100000
101040000
210110010
100200111
202101
402000000
1031100
200000112
1120002
2000022
230001
100022001
10001001
200010003
40000002
10211100
1200111
100000122
30120000
120010200
10040001
21003000
210100200
302000001
111010200
101002011
1020102
22010100
20310000
23100
2013
11000103
3021
21111
301000011
104100000
300102000
1014000
120002001
410100
10120110
220001010
2004
2102001
1320
14001000
1300011
10111011
101101020
1011102
100001121
200001021
30000003
40002
30012000
110103000
201101001
100101003
200020002
10201020
100021020
12000210
410010000
101211000
120100101
2040000
211010010
1200300
101200020
103100001
121200000
11010300
12010200
10014000
20020200
100210002
102001110
101000040
1101120
100020210
11200011
201000021
1000212
1102020
1100301
10301010
131000010
112000020
200011110
102000210
213
221000100
3000000
100200003
1021110
131100
3002100
120201
1013010
130101000
11111010
1002300
10001121
3
100012020
400002000
220100100
102010020
10121010
200031
12201000
111000201
100100400
110310
310000011
100030101
110010120
210000021
101103
10020
21000012
20102001
111021000
111111
2012010
110310000
102100020
120100002
10003002
200010021
22011000
120101010
10211010
11210010
102120
2001102
12011001
101103000
1320000
11300100
10300110
10001130
21100002
11101200
300000021
221010000
122001000
101011020
1011003
121010010
2000004
2022
121002000
1011201
200001111
112010010
100030200
30111
30001011
13110000
10020030
1000401
201300
1100040
112011
2130
202010100
400020000
211001100
14000010
110001300
1021200
213000
110100120
111111000
100001301
100101
111000003
100101300
101000001
21001020
10202001
231000000
4000011
101210100
300000012
20010210
1202010
14010
101100111
112100001
2310000
30210000
1201002
210210
220101000
104000010
1041000
10111200
110030010
200020110
1020012
112000200
100000212
20000031
3000201
12120
4200
110300100
14000100
11021100
102010011
1111020
1113
2002200
301020
102300000
1200201
1302000
200002101
2210010
100211001
20010012
300000000
11010003
1200030
2210001
211200
102120000
21010002
10202100
200002200
200211000
201200001
1004100
101000022
13101
24
230001000
3000030
300021000
101013000
110031000
1011120
3030000
202000011
100122000
202002000
11000004
11220
210011010
4101000
20000010
210111
10100130
102012
3012
220000011
222000
110001003
11020110
200000211
30000012
100020201
20112
110110110
20010021
10121001
220100010
100030011
11000001
2101002
3001002
220101
22110
130110000
110021100
1112010
10031010
20031000
20002110
100302
1401
320000010
120201000
220010010
20101020
100110120
3011010
220110
302001
300003000
104001000
1011111
1000041
401100
111210
1100004
1010220
101400000
210010011
30100011
204000
100010202
200101110
1020030
4100010
100102101
201102
11011011
110121000
11301000
200000010
3110010
10041
41001
10110000
210021000
200100102
10401
210120
201
2100102
220100001
200100003
10300200
111002100
30011001
100101210
10010301
10010202
410001000
102010101
2010003
200110002
11010201
100010022
1301001
1001022
101120100
102110100
12110010
101001000
100001220
3201000
21001110
131001000
111001110
300110010
10011003
20110200
30000210
100002
22110000
100002201
221010
100302000
200200110
11200200
110101101
10031100
112101000
301010010
101011002
1002111
1000410
13001001
4000020
3201
102100011
30020001
1020120
320100000
201100200
300100200
21010011
11120010
211000011
101020101
100004100
1201101
11120001
110021010
200011200
111001101
201002001
2011002
301010100
100113000
30200100
210030
140010
1010301
12100002
101112000
1020003
2000301
102102
12001101
20100102
1121100
121100001
20000301
140100
100021101
230100000
110200002
100200
230100
220011
32100
40200
31101000
100002030
10120200
100101102
121100100
100300110
101031000
110020200
1110
222
210300
1120011
220020000
113010
11102001
1211100
100000002
121011
10010040
212100000
1110003
201010002
20101101
10120101
2000010
320010
320000001
202110000
111100200
101000400
101010102
100000230
110100102
2040
112110000
10022001
10012011
100000410
11100102
300001020
13000110
101300001
101020002
101000112
110130
100104
30201
210000111
410000100
40001010
31000002
2112000
101001201
1220010
410100000
2030100
212001
100104000
1410000
300010011
11400
11002011
10000311
1210011
101400
11101110
400110000
12102000
300110001
100012200
201000012
110100210
100200120
321000000
21030000
113010000
200013000
2210100
2201010
3010020
2102010
121101000
1004001
1230
202010010
30101001
1201011
1101210
4011
2201001
1001001
204000000
411000
200102100
112110
111003
210020010
300000210
11000202
330000000
1100103
111200010
111000102
10002030
200002002
100001013
21100020
4010100
200310000
100003200
20001000
10100112
21300
310011000
101020110
101000211
10001010
20111010
2003100
1300002
2100300
102020100
31110
201000201
20101011
100021002
1012011
40020000
210012000
210010101
200000220
101211
2002002
112101
400100010
300101010
101121000
101110002
1101030
101112
1012020
212000010
13020000
10210020
310110
200010012
10111020
200201100
1030200
30020100
120001101
130020
31010100
302000010
200100030
104010000
201000120
100000113
202011
1104
41010000
10000302
3010101
100310010
100001040
11004000
11000022
2120001
10200111
201010011
200200101
101120010
1100211
100100010
20121
201110010
110200110
100010211
101120001
1021011
1021101
120102
22001001
1140000
33
20300001
10030101
10140000
111000012
100103010
1001202
102003000
202020000
102100200
100020000
1000110
10000011
200000031
301001010
211000110
211000002
11010102
10002003
221100
100210200
1010202
30001110
201210
111
120010011
10130010
2211
100001100
21001101
200211
21102000
203000001
100020111
311000100
101001030
210001002
1122
1111110
4000002
10200003
200001201
100113
102000003
11022000
210001101
10030110
1001400
1001211
1000002
40110
301001100
20022
11020020
12200100
100011012
14001
1023
10310001
201000300
210010002
300200100
201200010
11102010
200101200
200000202
20000400
410000010
11110200
30000000
101101011
1100310
22010001
11100000
110100201
3000210
110112
20120001
20003010
30030
1013100
11000211
101100102
1100121
3120
11012100
30200010
110100003
300010200
1104000
200101101
1030020
32001000
20000112
202001001
112100100
21
1200
10011111
21200001
10100103
1032
12110100
120100020
200111010
11101101
10020111
10000410
10000212
100140
210030000
110202
110021001
21102
110110020
111200100
100210011
100400001
2101011
10122
10200021
14100000
201002010
2011200
1010310
1302
10010121
2010012
301100100
32000010
1310001
21020001
210000120
110100030
1113000
100111020
200001120
100001103
20010102
10400100
111120000
110001
100001001
40011
11010210
100130001
100012002
112200000
120100011
200011020
101021010
2020011
100013001
10011
300120
30111000
110020020
10001310
100103100
3002010
2000001
10140
10200120
400010001
10001202
130101
100230
2000211
311001
12102
12010110
201110001
2001012
212000100
20010201
10102101
100310001
110000301
20010120
100011000
110011011
20012010
20020110
200031000
300
200111100
1010001
2103
10021020
220000101
2021100
101011110
110101011
200030001
22101000
10230000
100203000
210002010
100003101
3101010
310002
101301
11011110
20040
10101000
400002
102002001
13001010
21111000
11100300
201100020
10001400
200010201
1120101
10220001
40200000
101202000
113001000
401000010
40000020
12101100
111100011
100000020
30101100
1210101
301000110
20100210
30000111
103000200
11200020
211101000
10311000
10212000
101102010
100003011
110000202
121200
10110120
230000100
112002
121001001
3200010
13001100
311100
20200200
1010010
22011
120000111
111001011
1003200
12002010
310010100
40100100
201110100
1111011
11000301
101201001
103200000
201201000
2100003
11001030
111001020
210001020
210000201
100001112
130000002
220010001
20210100
30000120
10410
30021
20120100
20100111
103101000
100010100
200102001
100110
100010040
2010
201000000
10200210
10300011
1001220
2001030
100040001
300030000
310020
110010
1200102
211002000
110030100
101000310
31100001
10101012
20220
22100001
110111010
210010020
101101101
3001200
22000002
101130000
110012100
110000112
20001111
1002021
120000300
201001200
11011020
100010220
210201
10010010
14010000
203000100
12010011
111002010
1120110
21003
410000001
200010210
111002001
301101
2100120
10110003
103002000
100110003
200201010
10001013
100000200
20300100
103011
210000300
202100001
11010000
301002
10020102
30000300
102030000
202001010
1221000
30000
42000
10320
120012
211000101
13000011
101010003
300300
1000104
201210000
10102110
10020300
101001120
100230000
120102000
1110000
310010010
200020011
100030002
100000110
13002
200130000
4000200
1003020
100010112
10131
2100
130200000
101003100
20002002
110031
110110200
220000020
102000030
1110030
101300010
101030010
110001120
20001003
310002000
10020012
2003010
1212000
10103100
11001000
1003011
3000012
200013
101020011
200110110
1010211
20010300
101010021
110112000
112000110
110301000
1300101
100202001
42
10010013
301000020
1210200
103110
10021002
10002102
101000301
101000103
11210001
3000300
10010400
101000130
100000014
1211010
104000100
110004000
11030010
10010112
400010010
110000130
110400
100022010
4002
141000000
31010010
30010200
110210001
312000
10013001
1000203
210201000
300001002
2000310
12
12000021
10004001
201000030
40011000
103000110
11101011
10100013
21120
4020
300300000
300001011
110020011
41010
111110001
1101300
210002001
100101021
100121001
10020210
301100001
100102110
30110001
120000201
20000310
102300
132000000
300030
200000001
1000131
20011002
210102
201012000
301001001
11100
110002011
31100100
1210020
101100012
1112001
20400000
111010110
10001100
1002030
20000013
102000102
1020201
401001000
30000030
13200000
202100100
1200000
101022000
40001100
220000200
11120100
110010300
200101020
10101003
10010100
100002300
320001000
101021001
1102011
10030011
3021000
40010010
1040100
110000040
3100200
103010001
1101
102101010
300000111
113000100
111012000
202110
1102200
10203
200103
240000000
100030110
200000013
400020
100300002
100013100
210000210
100122
21210
10032000
110120100
11000130
20103000
102102000
12000003
3003000
200300100
100300200
210001011
3030
40000101
30100110
30101010
20020101
1220100
311010
10000131
110012010
10011210
21001011
220010100
11220000
11000112
211110000
110013000
110210100
111000210
10003011
200003001
2000121
20400
130000200
100020030
10001040
21200100
10210011
10210002
100211100
11030001
10013100
2200020
201201
311000001
11210100
210200001
400110
102001002
11022
12001002
30011100
11001102
411
10020021
1230000
20011020
110010021
120003000
100221000
22200
20012100
11121
200220
122010000
10000104
20030010
2000013
100012101
10112010
12100110
100101000
23001000
2022000
2101020
100200102
300021
310101000
10012101
400100100
1401000
1310100
110001000
110001021
3100002
200310
40002000
300012
300200010
1130010
11010021
23010000
13010100
2110020
10104000
40100010
10101120
104010
3010011
20130000
3000120
4002000
101001012
20001210
20000040
120300
111000030
12000111
102000120
12111
11012001
1200012
300000300
300111000
11130000
300100110
300002001
100000203
201300000
2010300
110010003
110000100
100001010
3100101
20100000
120011100
300200001
110010201
100003020
120000120
120111
211011000
301110
1010103
20200020
100200012
40010001
121000200
30102000
10101201
110201010
100110111
111010002
120000
121002
100200021
31101
21000210
101110200
1012200
3200100
1002102
200001030
40020
210001110
101202
1011210
112000101
112000002
4200000
30300
20101200
200210010
1201200
21101010
1110201
12021000
110200200
100002000
30021000
120010020
112200
2100030
101100003
210010110
100201110
110000310
100112001
320001
140010000
31000020
111210000
12100101
2110101
100212000
100101120
10110102
111011100
11040000
2001111
2000031
102100110
111020010
1002210
100000101
120020001
10020201
1200021
300001110
12110001
101011101
20003001
101100210
1200120
111003000
210200010
111000120
100000023
100102020
11121000
2013000
2020020
2012001
10221000
110110101
10041000
110010210
300000102
2300100
21201
111110010
210011100
22200000
210210000
110110002
1000032
231
121011000
140000001
112001100
202000101
30010020
10020120
213000000
200200020
103100100
100010004
200400
100001022
200040000
1103100
110022
100002111
100131000
100010400
21010200
10101210
10110201
410010
1110012
13101000
1101000
100012110
20022000
101130
20211
100011021
11200110
202001100
201100110
120100200
10300101
11300001
2010210
12011100
10201110
102200010
212100
2002110
31000101
330000
101001003
200120001
10100211
100100130
2002101
20100201
103001100
10311
40000011
11310000
11020011
110003010
111000021
2102100
140001
100031001
103011000
2310
201020100
200003010
2003001
4001001
41000010
4020000
111000
100030020
20003100
100002021
2400000
112100010
201100101
1000221
11010
302001000
130000101
122000100
130010001
1400100
200121
201021
20013
41000001
2111010
2010111
100300020
10101300
101000004
200201001
100110201
111100002
1021020
1010022
102003
10100031
210100101
100200000
200001300
141
20000103
102020001
30120
400010100
300000120
10003110
2201100
420000
120210
0
111200001
13100001
211101
101010111
12030000
1101003
110001012
330
130002
100401
102011001
120000030
123
12003
100110000
2030010
10001031
22002000
1311000
21010110
2000100
201010200
400001010
3210000
102010110
101011011
101101002
101000031
201111
301110000
10100301
1131
1101201
2300001
2020200
200202
400000200
32000100
402000
10100400
1101021
100011003
101002020
100000104
4100100
200022
110100300
310100100
202000002
100112100
201011001
111201
3210
300210000
110011200
3100011
1100100
102020010
320100
1012110
200001102
200101011
20211000
3101001
121020
321
31000011
10023000
100011201
110002020
211002
200022000
120110010
3110100
100210101
10100004
100010001
110011110
202200000
210100002
1022100
400001001
11030100
110030001
110003001
301002000
31011
12001011
2200101
400101000
40010100
11103000
1201110
1410
21021000
22101
31110000
212001000
110100111
10131000
11111001
200030010
100110102
102001020
102000000
1002
100001031
401010000
231000
10002
104001
12000201
312000000
100102011
100100031
3010110
12201
122000001
31010001
20001021
100100103
20130
1001121
111101001
200010120
1002120
20202000
3100020
100210110
200100
311100000
22020
200300001
110200020
20000202
221001
1040001
110220
1020021
120100110
4001010
1200003
300001200
110011020
100023
132
301100010
101000100
12210
200000121
104100
20004
11001003
102011100
10011030
110000121
10100202
21101001
10013010
2010021
220002000
200120100
1300110
11200101
11011002
1030110
1001040
2200110
101100000
100004001
100102200
102010200
30
20002020
140000100
20300010
131010
2020110
20202
21000111
300010020
12010002
10401000
120002100
202020
100001202
203000010
10011201
30110100
100131
2002020
100012011
100010301
1212
103010100
2121000
100010130
10201101
102000201
240
301000101
10000032
200202000
1102110
20210001
311001000
10301100
10004010
4100001
11112000
3011100
103000101
2010000
101110110
100301100
110102100
10000230
123000000
101220
30201000
12300000
101020200
230000001
103000002
100401000
201002100
100121010
13200
4001100
110020002
10000110
1102002
11310
1101111
200301000
110020110
20110011
321000
420
100311000
23000100
100110210
101121
2101101
1013001
2112
400000011
13000101
100021200
1211001
10102011
2001300
100220010
1012101
211200000
200300010
200000103
10002111
101001021
1000113
100220100
1121010
300000003
120120
203001
20310
1100220
2110011
300011001
10001301
200100300
11110110
100200030
103010010
12101001
102101100
301020000
11100120
2010102
2000220
220002
100021011
210300000
11002020
1001112
30020010
12011010
202100010
20100300
202000020
1203000
110111001
200101002
11002200
11111100
100010121
20102010
20200011
120020010
20000001
100100211
200112
111102000
10003200
3111
20000100
123000
2020002
11013
10010220
200001003
300111
10012110
100031100
111020001
10010130
11001120
1001310
13000002
2011101
20021100
210101100
10302000
1030101
11201001
10101102
102030
311000010
300101100
210102000
22001010
21100101
300020010
1210110
10002201
211100100
210003
40101
102021
102
21001002
2110110
1011000
10101111
2031000
101012001
10300020
1100112
100032
4000110
20112000
21110001
120101001
220001001
20000022
401010
10113
110130000
3102
120
1020
100212
2004000
2021001
100032000
113001
201012
12100011
20100030
10112100
100112010
200011011
10003020
1003002
221001000
200021010
200001012
10000203
211011
101100120
110100021
32010000
310001100
401000001
200002011
10400010
1110210
21011001
10112001
201030000
200400000
1030002
100020003
11103
3001011
13110
21000000
12000300
201001002
101003010
130001001
310101
101031
120000003
1010100
101002200
102001101
12030
100010031
211010100
100002120
200100120
10003101
1000101
10120020
200100201
31002000
101001210
30000201
110102001
101010
101013
10010031
201001020
110220000
200001210
1000200
121110
110100
100110021
20100120
111000300
10002021
201001011
20220000
101004
211100001
130001010
310000002
300010101
20110110
20200101
1100130
220001100
13000200
201010020
100202010
200100012
2011020
1010013
203100
102000300
200010111
110010102
100001310
20110101
12200010
100120101
1022010
102011010
100011210
2012100
11400000
10021110
200000040
30000021
12100200
112002000
12000030
22000020
1111101
10111101
101100021
100220001
103110000
31020000
21000003
110211000
2100111
101001300
1140
30001101
131100000
1130001
20001120
2101200
110013
10200
200040
10012002
10001004
20121000
103020000
120001011
20000121
102200100
100120200
110211
110040
220000110
12002001
10100040
302100
300201
12021
110000001
102100002
100111110
101102100
101111001
11101020
11001210
200000004
101100030
2000130
101201010
200012100
120010110
20001030
1311
11004
202101000
3120000
101021100
3300
100000011
31100010
30002001
20000220
210100020
400101
13100010
110020101
1101102
10032
131001
31020
23001
20201001
113000010
210021
41001000
3012000
10104
420000000
300100002
210010200
1011300
111011001
101000013
102002010
11100003
20011200
100100100
102201
20102100
201021000
300002100
110102010
10000122
21012000
100101012
2001201
101111100
300120000
110111100
101010300
101011200
210
301011000
10000320
10120002
100100040
21110100
201102000
11101002
100200201
22001100
21011100
201200100
100002210
201000
201030
31001001
310110000
10310100
110201001
1103001
21002010
101110011
1301100
200004000
1110120
21100011
100111002
100010013
10200201
301200000
111030
110003100
1001130
1000011
100400010
4010010
212010000
11100210
211010001
20013000
100320
1011012
200112000
30002010
120001200
120200100
110202000
30100020
102210
1100001
1010112
2100012
121000020
20101110
21100200
240000
20100012
12003000
111201000
210110100
10011102
120001020
100020
101001
12000120
130002000
300201000
10004100
100011102
101100
3110001
10014
320010000
12001110
11300010
100000320
21200010
10102200
302010000
212000001
11012010
23000010
23000001
120021000
1022001
111100101
101110020
101301000
11031000
101101200
103100010
110004
21020010
211100010
21000102
203001000
110002002
2030001
2001120
32001
12111000
11000121
100201101
1100031
300210
1003101
110100000
2120100
200010102
112020
12002100
120021
400200000
40000200
203010000
2130000
21101100
100100004
1020210
130020000
22100010
102000111
300020001
10000101
100100202
30210
11021001
41100000
110010000
101220000
200011002
30010101
20002011
2200011
1203
11100111
402
210120000
110011101
100130010
204
21000201
400000002
202011000
10121100
200003100
110000031
30200001
20004000
311010000
101101110
111020100
11202000
20000130
211020000
22100100
10010211
10002300
20011101
100100220
100100001
2000103
22020000
2100201
32010
21100110
100310100
10020003
110000013
20010111
1210002
110120010
12210000
210100011
10111110
10011000
210002100
200020101
10102002
10101021
113100000
2002011
20210010
2001210
104000001
30000102
4010001
13002000
20020002
2020101
20010
1020000
10000221
120003
202010001
10122000
211110
100202100
20100
1010004
13010010
10021011
201100011
110300010
110001030
1110102
2001003
103000020
1300020
10110111
101210010
2010201
11112
10011021
10010001
100002003
22000101
101200110
1000122
1103010
220200000
300001101
120200010
310011
1010031
310000200
301010001
10021200
2011110
10101030
110101020
101001102
10400001
121000101
10320000
10300002
1131000
101001111
10030020
2202000
1202100
121000002
302010
310010001
110300001
11001111
20010030
30010002
100120011
101040
114000000
11301
1010130
200002020
101002002
1000014
20001201
1130100
200121000
12020100
200010300
200200200
11001300
101020020
10022010
310100010
200010030
310001001
1020111
211020
21021
1001004
11110101
120002010
100120020
20001
111300
1032000
210000102
100000032
20011011
2000112
11040
300020100
100001211
100041
12001020
21000120
10001022
130000110
121000011
103001010
200012010
110011002
130100001
10210101
10201002
21000300
103101
200100210
210111000
1001010
230010000
100300101
100011300
3003
1000311
102101001
100002102
210101010
11013000
210001200
211001001
10020000
200030100
100003110
10021101
23100000
310100001
3000111
102110001
101200011
101000202
120000210
221100000
200200011
100101030
110002200
100004010
20021010
20001012
100201200
101110101
10100121
211001010
201101100
10113000
1002000
120110001
10103001
220110000
300011100
20020011
10211001
2011011
21030
1010040
33000000
300012000
33000
11211
101100201
110400000
20110020
20002200
101111010
20100003
1112100
10111002
100000302
11100012
122001
11001
301000200
22010010
113000001
100111200
10000020
20111001
10101
211000020
100013010
10000002
101030100
1031010
11010120
110002101
1000020
100014
100110300
210020100
10110300
101002110
200000400
1003110
2220
100000131
300100101
102001200
3101100
120012000
20030001
203010
21012
20012001
31200000
10110021
110010111
101012010
30002100
2300010
202002
10010310
3001110
202000200
110002110
14100
2200200
31001100
10200000
30110010
110210010
101102001
400000101
20111100
10110030
3000
100201020
100100310
2000400
122010
121001010
10230
31002
40001001
100040010
301101000
130000020
13011000
110101002
11000400
200000022
200004
220011000
100011120
110010012
101012100
122000010
121020000
200110020
101200200
100021110
100130100
1102101
1100022
111021
302000100
30012
201003000
12000000
111101100
111101010
120011001
111102
10011012
140100000
300003
100011111
21110010
20010003
132000
200103000
10010103
10310010
100320000
14000001
200010000
1122000
10001211
110001102
20201100
1120020
320000100
11002002
200210001
21000
12001200
120030000
32000001
2301
2220000
11100201
100410
100100013
31200
10220010
200100111
120120000
4011000
110101200
130100100
103001001
2021010
1310010
301000002
12300
2031
12000
201011100
11100030
210011001
1011030
130200
110100012
40110000
11110011
114000
100111011
21010020
100301001
120111000
101300100
303
12200001
100020102
111010011
410001
230010
30003
111011010
1010400
130010010
20301000
100201002
10130001
300110100
22000200
111001200
11000031
10000023
10200012
111100110
100011030
10220100
212010
10031001
31011000
101210001
20120010
101010030
210000030
4000101
110201100
100210020
10100220
110121
31000110
21010101
3010002
10002120
11021010
10011120
121000110
10001103
1000230
20103
100014000
1000320
20200002
3001020
21000021
310200000
202000110
1110111
201001101
1020300
10000401
20011110
30010110
200100000
111120
40000110
210200100
30100002
10102020
100100112
100010010
10002012
41000100
22000110
10410000
200110101
100041000
1100010
10221
100001004
111110100
100020021
3001101
10302
1100013
12120000
1030011
1002003
102111000
201011010
101022
21000030
120101100
11011101
201000102
302100000
100301010
41100
120010101
1100400
3020001
220020
12010020
30300000
400011000
2103000
201101010
100140000
30001020
2202
111000000
201100002
103000011
200110200
141000
120010002
120001002
10130100
32100000
10023
4110000
100110030
11011200
200000301
10100310
411000000
310001010
130000011
12101010
200102010
201020001
200020020
120020100
230000010
120000102
101003001
1010121
112001001
31001010
11020101
100000140
20020020
11102100
221000001
11202
210003000
111100020
300011010
11110020
210101001
4110
200000310
10001112
112011000
20031
201000003
200021100
1001100
200100021
140000010
100400100
20201010
12010101
3102000
1031001
1002201
21210000
11001012
200021001
1041
100020012
11130
102012000
10110012
10010004
130010100
11000040
102010002
11000100
20040000
3002001
101010012
100200210
120000000
201000111
13000020
102021000
11003010
11000010
1000302
113100
401000100
24000
201120000
110001210
120011010
210000003
110000220
1201020
1220001
13011
131000001
100000311
20010000
100011
20021001
110022000
201010101
200120010
2111001
12000102
10010022
122100000
201111000
10200030
11200002
101002101
10000014
120000021
1400001
40101000
10100022
2000202
111012
4101
100100301
20000004
102200001
10100010
312
101030001
110101110
11000220
100000401
114
103200
121101
131000100
10040100
100101201
100311
3000102
100002012
21001200
121110000
110000400
1000140
3020100
102002100
10012020
21201000
100101111
200011101
100040100
3100110
1200210
101100300
300002010
10000140
110000022
1400010
10201200
110010030
10200102
1101012
11110002
30100200
3010200
300000030
111010101
1111200
1023000
1000023
121010001
30001002
23010
310000110
22002
221000010
400100001
12100020
11010111
300000
100300011
200002110
140001000
30100101
1040010
11002101
1301010
100103001
3000003
112020000
3300000
111010020
10200300
200111001
101310
20100021
21300000
