30010
3100303
2030023
2003320
302023
300001
203320
300010
33022
3301300
3200230
3020020
2003230
330040
30322
232
1300
3301030
3300004
330022
301030
32200
103
4003003
333100
330031
32023
30130
3300301
3033100
400303
300304
30001
322
3040003
3022300
2000200
3000331
331030
223000
200230
300130
2203030
2300002
3001330
1000030
403000
43003
31003
2320
2002033
430003
133003
2230300
2032300
2030320
2020303
3003130
330100
220000
340030
40030
1330
3033001
30133
1000033
2000032
33301
3040300
3010300
3030202
3003100
2003023
33001
30100
301300
30022
3103003
3013003
3020230
3001300
3002002
3340
202
2030200
310033
203032
13003
20020
10330
30313
1000
3200320
3200002
323200
320023
200323
4003300
1333000
22003
3300010
3000034
320002
2200
22
33400
30301
3300400
2030020
304000
301303
34030
301003
34003
4000030
1330030
330202
330004
303103
3000340
230302
23032
30040
3310
1030
232300
302203
200233
200023
30403
3330010
2200030
2300032
30304
20200
30004
3400
2330020
3103030
3022003
3000301
23230
2302
2023
3031
3000043
232030
230230
3130030
2303002
3100030
2020330
3000322
330103
13303
23023
20023
2032
1003
340300
302230
300034
22000
3223
230320
300403
31030
33004
304300
203230
10030
3220000
3020023
3000133
3000010
230002
3000103
2000002
20233
3310000
3303010
2200330
3300031
2002330
320320
31000
10300
2233
2003002
400000
403030
1330300
3320020
2330002
3010303
2002303
430
4303000
3200200
100300
13030
4330
3002320
3003301
3000310
4030000
3330100
2320030
3220003
3300103
3403
133
3200032
2020033
1003003
3000022
320032
202030
43300
3100003
3001303
310300
130330
202330
2020000
3010003
2002003
3000001
223030
302302
33013
3010
3230200
334000
220330
220003
202000
4
2230003
3002302
1000003
300301
3043
34
3202030
3300220
2000230
301000
13300
3322000
2230030
3031000
223003
1333
3320002
20302
10033
32020
30202
343
1000000
3403000
3130300
322300
34000
1030033
3030022
3000220
3313
2300320
2023000
2003302
303130
22033
3130003
340003
303301
200302
3400300
2303200
3031030
2020003
430030
33202
3133
331
3030100
303004
100303
43
230032
23320
4030
332200
23002
4300300
3303100
2300023
2032003
133300
2030002
332020
230203
20203
1330000
1300330
3043000
3030130
1003330
4303
2323
2230
3331
4033000
322030
300313
33031
30331
4000303
3034000
3010330
2003020
32203
320200
4003
2203003
1300030
2200003
1003300
220300
100333
3103
3340000
3000232
230200
220303
130003
300232
3300130
3100033
1030000
3000313
200332
3301000
3203002
3030040
3003013
3232
130033
303100
300220
1303003
1003000
331000
130300
320020
300331
130
403300
343000
303202
4000033
2323000
2032030
3002020
1000300
22330
230020
13
2320000
1300300
3031300
3001030
220030
340
3013300
3030004
2002030
403003
103003
2300200
3300100
3300310
3003001
4300030
40303
100033
23203
1303030
1300303
3013030
3003310
330130
3000130
300310
300043
2002
403
232003
202033
203002
2233000
1303000
3022030
3030400
313030
233020
200020
40330
2200303
1033000
2030230
3000403
430000
1
300430
3004
3310003
2302000
3300040
3030310
333010
3203020
3100300
2002300
2030203
323020
3430000
1030030
2020030
32002
30220
3230020
2000332
133000
233002
300322
330220
3034
3103300
3303001
2023003
223300
310330
3301003
3030013
320230
3000430
100000
130030
220033
300133
3400003
2230000
2330200
30013
200203
300013
3203200
3302020
2023300
3030301
103033
2332000
200200
300040
10
3002203
31330
2203
13330
3100000
3310030
3200020
133030
203302
3003202
1000333
3220
334
1330003
1003030
400030
303022
22030
4003030
1033030
300004
4000
2000023
103000
34300
30031
301
304003
302032
303001
1030330
2030302
2030032
3000031
130000
4300
3032020
3030010
3004300
304030
300400
3032002
300202
202003
20320
1033
2303020
3030001
3003040
310003
303040
3202000
2302300
33010
2003200
3001033
3003031
4300003
4030003
3320200
3040030
3030031
302200
303220
300103
400
4030030
3302002
1300003
3004030
320203
13033
30400
4000300
3331000
3000223
303310
40300
3002023
2000302
33100
30310
223
33310
31303
3304
3020203
1000303
2000020
330010
40033
3040
313
303400
33103
20332
1300033
3003010
331003
330310
310303
300022
20323
3301
310
4030300
40
4003000
331300
203203
303010
301033
22303
3232000
1303300
3023020
310000
320302
10003
3130
3013000
3000040
322000
103300
103030
3300013
100330
100
2320300
3230002
3302200
302020
33040
3430
3001
2203000
1030303
40003
32320
32302
3200203
3023200
1030300
2000203
233200
1300000
2203300
3004003
10000
23302
3313000
2033002
200032
1033003
10303
3001000
3003220
2000233
3202300
3300202
3020200
3020320
2002000
400033
313003
3100
4000003
2003032
3000013
330013
30043
304
3000100
322003
203020
40000
43030
433
2300203
3030103
3004000
3000004
20230
301330
303013
300223
3223000
3220030
2320003
2020300
313300
3202
3103000
3030220
3000400
433000
30430
300100
23020
4300000
3202003
2200300
103303
203023
3310300
3010000
1003033
3000304
2023030
2033020
1030003
2200000
3040000
2032000
1033300
2033200
100003
23200
33220
332002
330400
203200
202303
300340
30223
30232
302002
300031
1303
3010033
2003203
3003022
232000
103330
31
313000
200002
30103
3220300
2302003
3023002
3002032
400300
220
310030
230023
200320
2300230
3003400
3001003
400330
323002
33130
31033
4033
3322
3022
3304000
2300020
3022000
2000323
30340
32032
3013
2300302
3200023
3031003
3020002
302320
31300
3020302
3010030
3003103
3003004
330001
3130000
3020032
2000320
430300
202300
4000330
3200302
3002200
130303
13000
340000
43000
32230
4000000
3100330
3032200
1003303
400003
2332
4330000
2200033
3300022
22300
303031
20032
20002
3133000
3330001
2302030
333001
330301
2020
3400000
3400030
3002230
1000330
10333
3300001
3033010
3000202
100030
30034
