30200
31000010
111001001
100112000
201001001
11000120
10010102
10013
12110
10101110
100010120
100000310
100000040
1020200
202010
100102001
300000011
10310
30011000
202100000
2100011
1030100
10000103
40100000
30001010
11100020
110002010
102002
310010000
10220000
1200011
2002100
10202
100001201
10031000
220000100
2010020
11001020
202100
120110
2002010
101001110
111000101
11000030
1120100
110020100
10012100
2001011
120000020
100101011
1000031
41000000
100200101
100002110
1101101
101020010
10000112
20002010
20000210
320000
121000100
11200010
10101200
11210000
10010021
30000110
21200000
100031000
100030010
200000201
121001000
10001012
20210
300000110
110030
12000101
20200100
220000001
100300100
221
201000020
100020002
21100100
12100010
2100020
101000201
1201001
110201
100210100
100010111
20210000
110001002
2000012
100040000
101110010
201110
10400
1003010
100121
210110000
1010120
21010100
13100
1201010
102011
121001
200100020
311
200001200
1111010
200001101
100001
30200000
11100200
131
10112000
2201
101000000
30001100
112100000
110201000
1100300
10100003
120110000
101210000
100200020
11001002
200120
11000000
1100210
20110100
100002011
110210
11000300
13010000
100031
20012
30101000
110000030
4010
10011200
2020001
210200000
110020001
12001001
203000
140000
10020011
211001000
101011100
1010003
100301000
10000130
230000000
100100003
10010000
100100012
210010100
2000111
1121
10310000
1000004
11100002
300002000
100300010
21000200
400001000
100010
102001100
100010003
100000031
2010200
10201010
10210010
200100200
2000003
11111
10101002
20000201
20000102
40010
112001
30000101
101012000
100000211
100003001
1300001
2200100
101012
10130000
101100002
100120100
21001100
101002001
2001101
210000200
10120010
1100201
2001020
301001000
30020000
300001100
11030000
21011000
1012100
3100010
30110000
200210000
22001000
121000001
1031000
1010102
22100000
200201000
200201
100100000
30000200
4100000
200200010
1112
100000004
110000012
2200001
310001000
100013000
200010002
100000220
200000021
2000021
20030000
101000030
300001001
10103
31001000
1020101
100004
101100101
300000101
11101010
10211
101001011
130010000
100220000
200020100
200020010
10110101
1022
102000200
100021100
100011020
1200020
10003100
1000013
20000030
400000001
111020000
12001010
30001001
1102001
210001100
100001111
30110
31010
110010101
10000100
301100000
302
110001011
10100012
1031
101300
100211000
11011100
301000100
300010100
111011000
110100200
21110
4100
10101011
10111001
101000300
111110
110
100000112
10110110
100120010
310001
1004
200120000
1020011
103001
220010
20101100
111010010
102010010
102000002
101200001
10001003
10000013
130000010
2020100
1102010
10001111
1020002
1002020
10121
111101
102100100
210001001
201101
20003000
1011101
20000120
200001002
211000001
41
21000110
20201000
3010001
1103000
200101010
10100300
202000100
2201000
1001300
10000121
110000021
101201000
100010021
31010000
111000110
102000020
12101000
2101100
13000010
1000400
410000000
121010000
202010000
110300
200200100
10121000
11000102
113000000
102100010
3001001
2000102
100101101
310100
21101000
13001000
110001200
1030001
40001
100010000
101
400100
400001
14000
112010
10001300
11000210
20020010
100013
3000110
11030
2110100
11020100
10120001
10220
21001001
211100000
10103000
11102000
101011001
30010010
20000012
131000000
100001030
1200101
11000021
30100001
201110000
100102010
1030010
100110011
2000300
1101200
1120010
102200
2111000
40010000
10120100
12010010
10020200
1110011
221000
101020001
1000121
301010000
101030
12001100
1301000
13010
110000111
200100002
3011000
100011002
12200
10110020
1210100
110100101
111000200
301100
30002
1003100
1002011
120020000
11001011
113
100011200
10010201
121100000
201000110
1004000
120011
120002
13001
120011000
101101100
100101110
1100003
110100002
102000101
112000001
110002001
210020000
1001
103100000
20200010
12002
200000000
100101200
100010201
110000201
101010011
110111
100111001
101102
111100001
11110001
101001002
1020020
1010021
200210
110100110
210011000
1040
20100011
10021100
111110000
300101000
30000020
11000111
21200
12020000
10010003
21101
140000000
111000002
320
40000001
30002000
102200000
110100020
200110001
12000002
10011101
120000002
200100110
200001020
2200010
201200000
10200110
1001000
22010
20000
100001021
220001000
1000100
10003001
1021100
11201000
1010
120000101
3100100
100103000
10210100
110001110
1011020
210000002
310000001
10002200
100310
221000000
300100100
10000310
210200
300020000
210002000
111101000
201001010
202000010
101003
10003010
300110000
20111
200
22010000
21002000
110010110
10200020
120001001
302000000
1220
1010210
21020
20021
100002101
100200110
10030001
120010001
110000300
100301
101110100
110010002
20011010
1210010
130001
111100100
100202
1010012
112000010
200100101
2030000
1010000
2210000
10200002
301000001
3002
112000100
10010030
102020
10022
110111000
100011011
111001010
20111000
20011100
11100101
10130
20120000
1200002
20010110
400100000
22000001
20100110
4000010
110010020
10000001
20010020
20102
10100000
3011
3101
12002000
1001021
101010200
100003100
1000001
101210
200012
3000020
111020
100001102
10000004
20020100
20010200
10010
1101110
310000100
1400000
300100001
103000100
11102
20000000
201100001
310100000
211001
102101
1110020
100004000
12010100
110000210
20011001
104000
12010001
1101002
1000211
1001201
2001110
200111000
210000101
11010200
220010000
101000102
10001
1400
100012010
210011
10100120
100100021
130000100
101100020
103001000
101200100
10000220
11120000
101110001
300110
101000
100001210
4001000
101001101
1001102
11111000
130010
200002100
30011
11200100
10200200
10102100
110001101
101000210
2003000
10031
1000310
200030
102110
2100110
20101010
2100002
130100
100100
3000002
111011
3200
112001000
10011110
10101020
210110
210101
30000002
201000011
2101010
20100020
4000001
1001003
1020110
210001010
2102000
21100010
31100
101100110
3110000
20300
22000100
110010011
100100201
10021001
120000011
100300001
41000
20003
32
1000301
101120
11021
101100200
200012000
100020011
120010010
20010002
401000000
11011010
1000202
20110001
100103
100110002
200010020
3200000
103000010
101010101
200011001
130100000
200010110
21000020
2100101
2110001
10010210
10000031
300100010
201000101
200002001
140
10040000
10300100
10002020
21010010
11001110
101111000
101102000
1112000
100022000
110011001
1002101
20010011
31100000
110012
3010010
10110200
10300010
10112
201101000
300020
200000102
14
20020001
100201100
23000
1011011
100220
10301
110000003
210010001
110120
1100012
10012001
4010000
101030000
212000
10010300
10010111
10002110
1000010
20001011
120200000
10100210
1110101
100001003
21001010
10102010
110100011
100110110
2210
11021000
110030000
110011010
401000
300000020
201010001
110110010
2010002
1111001
1001030
1001120
21110000
10000010
22100
1100021
202001
200011010
2000000
110200001
1000040
11012
110003000
100102100
32000
100130
10100021
201010100
1211000
101011010
12100001
11002001
100201001
200000300
201011000
11110100
100000400
11002010
20021000
200300000
10100030
311000
110001020
201002000
1011200
301001
202001000
12000011
1000112
100010030
11300000
100010210
200000210
20201
300001010
100100111
100310000
200021000
100001000
2012000
110010200
1011002
120001100
100000100
11120
100000130
101001020
110000120
110102
2000210
102001010
110101100
3002000
2111
1310
10001030
120001010
2010011
22000010
1110200
311000000
100100300
1110110
200020001
1130
2003
110110001
20002100
400010000
12200000
100111010
10002101
23000000
1100030
31000001
10020101
10001021
200102000
200100011
121100
11010101
100100210
100100120
1100102
103010
100400000
10102001
211000010
11011001
100400
1111100
110300000
100201010
200300
11010002
3100001
120020
220001
203000000
100011110
200003
1211
101002100
10021010
20012000
30000011
11200001
12011
10004
2012
110011100
100130000
1010030
100001120
40001000
10030010
120200
310000010
210100010
11000003
100001012
120100010
11110010
11020001
10000202
220000010
1100111
211100
110000102
120002000
3000011
200001011
100020110
3110
201011
100021001
210000020
2101001
1022000
102010100
2000030
1110002
1002002
200003000
1100120
200102
101000012
20200001
210010010
102000110
3000200
112100
10100
10001201
201020
201100010
110101010
12000020
10000040
21010001
210000011
12020
102000011
201020000
1220000
100000103
200000003
100000022
1003001
10000022
130000001
100030001
1002110
100210010
100101002
11003000
100020020
110210000
301000010
200200001
100000301
1021010
110110100
300000002
102020000
2011100
21100001
110021000
10020110
10000211
120101000
201002
10002011
111002
31000100
101000120
220100
103100
211000100
100010102
1013
40000100
102100001
10030100
110020010
10020020
300200000
211010
4001
10010012
10000301
300011
20100002
2010110
1040000
101111
100000121
1300100
10001000
1001012
20000003
410
10011011
1010300
10001210
2000201
3010100
11100110
100200002
2110010
20300000
11100011
3101000
401
10004000
101003000
100003010
4000100
10210001
201200
1301
200000030
101020100
200111
300101
11003
11010110
100010012
101000003
2030
101200010
101002010
1120001
122000000
302000
120100100
11000012
20001002
200110100
1011110
131000
11210
230
10301000
30100010
3001100
201000200
20
1202000
121010
111002000
100100030
100200200
11300
30020
2021000
310010
2102
101120000
2100200
110200010
10100201
100012100
40100
102010001
1000022
201001100
101010020
121000010
1201100
1000130
1000220
120000200
100020200
30101
12000110
2010101
11010011
2000120
31001
200011100
2021
10400000
410000
300010010
100200011
100000001
122
2
300000200
101001200
101101001
1000103
101000021
100112
20120
10200101
111010100
201010010
100110101
21000011
111010001
10001120
10002002
10211000
1012001
13100000
11101100
113000
300200
1200110
2020010
20001110
103010000
1102100
11001101
101201
210100001
300010001
200000
100002020
1101020
1002200
10000400
111001100
200101001
230000
110120000
110102000
11001200
10101101
100100102
320000000
3000101
200010011
100101020
11201
2000
200000012
110200100
104000000
10201001
110101001
203
10200011
10111100
101010110
2011010
11002100
101021
100022
10040
2120000
210100100
1121000
101010002
122000
40000010
1001111
100210001
100111100
2001002
102110000
201100100
3001010
111200
2120
20002001
30010100
20000111
1130000
200101100
111000020
2300000
11000
20102000
32000000
21011
20010101
300002
100030100
20001200
2001200
102011000
1001210
10202000
100110020
11
11000201
10010120
14000000
111200000
100001300
1100
22001
211010000
20100101
1012010
200030000
100002200
10001102
20101001
201000002
3020000
30010001
210020
21002
110021
10100111
112010000
200000120
210002
100040
400000010
20001020
120000110
12110000
100011101
2300
100000010
220100000
101021000
12100100
20100200
120101
20000300
3020
2002001
100110200
11012000
10022000
104
1010111
200010101
10110011
20001101
200010200
200110010
110003
10012010
20000021
101101010
102002000
103000001
23
120010100
1100000
111000011
102101000
100020101
10201100
1210001
300011000
1300010
11020010
21020000
210000110
110000
11101001
1010201
130001000
100121000
100202000
100000202
1101011
100211
1021001
110000000
100002002
21000101
212000000
10013000
10300001
110002100
10100102
2011001
12011000
101300000
111100010
100021010
10110002
100012001
200001110
100010300
212
120100001
100120001
202000001
11010020
20110010
400010
210101000
200002010
1103
12000200
110012000
10111010
10011020
30100100
200000111
200021
101100011
301010
100000013
13000100
400000100
102001001
12101
10011002
10020002
1013000
21000002
1310000
20030
13000001
1200200
1202
101000111
