121000012
302020000
111011011
210001210
120031000
110210101
141010
312001000
300001030
41100100
1221010
101112001
12000121
11201101
200120002
40002100
221020000
11101030
211000102
101010202
20100022
10020040
400002001
200201200
3110101
110200201
1011022
140000101
11200300
302020
110010202
100210
3200002
12103
2110000
400011010
10011400
10212100
1102000
1100302
20102011
112101100
3112000
103001200
4001101
22030000
110021110
110030020
210000202
110201020
2211001
11001001
10000120
201021100
11111110
11031010
10
100000012
20100130
121200001
100020103
321100000
313000000
202101100
200020003
230100001
120001102
120201001
12101020
12000013
10000033
320001001
1100014
2000410
102000001
21111001
1031101
10020010
1111210
3040000
4110001
2020300
22000
110220001
1213
210000010
30110101
13102
122001001
1002211
1102201
100000024
10010104
103000300
101003002
100131010
1112002
1010212
20311
110020012
20112001
213001
20100103
4210000
10112200
102031000
102001003
200041
10132
101130001
100100320
21211000
310100101
130100011
10210300
101201002
1123000
101021020
131001001
1020004
20200120
201031
11012020
201100003
201030100
131101
100101301
40201
31012
101032
10311001
211000111
101021110
210000103
102111001
102120001
110023
30100000
113011
31300
10201
12001021
11022001
340000000
300004000
110030200
30002002
100111030
100201300
31000
2010112
2010031
10002100
1001410
20101300
20012101
400200001
33010000
220012000
2012011
312001
13101001
31011100
110101021
110100202
100320100
200002102
2100202
103100020
110102020
20040010
204100
100020220
401011000
104002000
300030010
132000100
10130020
100220002
210101020
1130101
13010200
10000021
230000110
301100020
101000032
31201000
1200211
10201201
120101110
11201011
10013110
1311010
300220
204000010
123001000
241000
200100211
111103
102011101
1011202
21004
210010012
213000100
111001102
100021000
301012
121000210
10110310
301100101
1000300
13100011
2011120
3000310
10011004
303010000
201101110
14000200
200230
2102011
112010002
120101101
3002020
203002
13010110
100221001
100110301
2020
21101020
1020121
100312
2130010
101031001
311100010
300002020
40110100
110100310
111100012
21000010
11203
4
310101100
112000300
10030000
20011300
103101010
320011
110002021
1112101
1122001
104000002
11020000
101000122
31010011
220200001
2111020
10003021
110012200
120040
4111000
2101000
100022110
320110
20122
21020011
110110300
2032000
11021101
1102102
10120021
322000000
200320000
110011000
3001102
111031
4000021
40200001
2010301
14002000
401010010
30000022
10211002
4011010
100401001
100022002
100020001
400201000
301000201
210120001
3013000
100230010
100122001
12300100
12001201
110012101
21101101
30001030
4100020
100100113
2000200
2000014
100010140
11002
10030201
221110000
310000003
111110020
130100110
103011010
100002130
100033
230110000
210010030
11031100
220010011
20200000
13110100
310100020
400010020
10112110
100014100
302011
310
411001000
2221
12012001
2302000
222000001
113000101
102220000
120201100
1210111
200102101
110200210
10420000
130300
202001101
112000
100112002
111013
20101021
10002301
12220000
10300300
300002011
40101010
23001010
100303
101230000
21110200
210100
40001002
1101301
203020000
4000030
20111002
10121200
202300
10302100
202002001
111121
4000120
11020120
210121
120211000
110014000
201011020
201000040
201000202
121300
300040
11020030
32000002
130021000
11210200
1212100
2021200
112021000
30000220
2002000
100001020
12003100
110021101
30010021
41010100
212020000
102200011
3300100
2100112
2013010
112000120
101011030
111000010
3100111
3110020
1010203
100
101100031
103200001
100013101
1001311
113010100
14000011
102111010
101003020
102000301
11000203
13100200
100120
30020110
102030010
202000102
42010
10121002
11200210
122100010
300110002
211011001
110011210
111010120
3030010
10002010
100000201
101004001
212100100
120010030
30300100
20000221
101121010
100020031
112002100
110021002
321010000
12201010
10120300
101113
110100301
300103
10101001
130001110
4003000
2122
23010001
100400011
1100140
31111000
300300100
210101101
10011211
131100001
130001011
3102001
100021
1101211
112120
32110000
122000200
311010001
210000040
220010200
110100100
1010020
1132
21000013
2100220
2022001
10000213
110101300
100011130
20020000
300004
30400
10012021
222000010
120030010
100120003
10021012
123001
102004
1132000
111120001
400001101
210001003
11001220
20001400
4100101
4100002
200110102
20120002
3120010
20023000
21020002
110020120
120013
12200011
210100210
121000201
132000001
100130110
201010012
4120
1301200
21010201
112000102
230011000
202102000
110000104
200010013
10001032
220000000
311000200
120110110
10110400
10040020
10011121
11300011
120112000
141100
12400
3012001
301011001
200020111
110002000
31100101
200100130
300100
303000010
200104000
103100200
11210101
11311
310102
100022101
112000111
122000011
200200003
111000103
20001010
1100011
4210
10220002
10301101
21100030
100000303
30002011
100110211
103000
2002210
12013000
101120200
100100041
1230100
10010302
101111020
110103100
100110310
122020
102121
10011112
21400
22010020
301300000
33100000
112001110
30100003
120000013
3110002
2004001
100100002
201012001
220300000
310030000
111020110
11400010
110120101
100101310
110401
200011
121011001
20001202
220101100
110011003
31210000
10131100
11100130
100210102
10410100
200110201
201100
100001041
331
1301101
100013020
100003102
202010002
110011111
301101001
400020001
23000101
101120101
100123
300310000
12010111
110230000
30130000
3111001
11021002
110011300
11012200
3000004
111040
1001401
202000030
10003111
201001012
32011000
30011002
110010013
100111201
102220
130000003
300011101
30112000
31010101
20020030
20000410
10100020
12011200
4000210
10230010
10030012
21010021
210200020
130010011
10110100
100100101
230101
102202
411010000
310000300
220000120
112200100
100020310
21011200
10021021
111100000
111103000
110013100
300031
200020021
2101120
11102200
1220110
100010302
100011022
102100201
12102010
121000102
131000101
11221000
2121100
400110010
101040100
211201
100213000
3020110
2000101
100210300
100121200
110110102
102100102
21010012
311110000
311000101
101200111
401001001
130000201
101002
2001202
40010020
12201001
102100030
302000020
21200110
100211110
101012002
11302
1101022
10020301
3003001
24000001
410110000
330000100
111010000
210200200
101030200
120020200
21020200
200310010
13002001
13300000
111003100
21110002
1130011
10100302
2002120
30210010
20012002
100030021
12001102
130000030
300001102
100003030
120020101
13101010
110002
320000200
220100020
301210
11014
100020040
13020100
120130000
300010003
11040100
10203010
200400100
100130020
110200000
110200111
111020200
300020020
120301000
12200101
202002010
102011002
40011001
20021101
111010003
130100002
101220010
11010220
10010200
10001023
2111110
202010101
101000023
20010100
3110110
10031200
20000131
231000010
110110120
102010210
2010211
1021000
1001203
1200202
201110011
200000311
120011020
4120000
3210100
1200400
101104000
103001020
310201
112000000
201000103
20002210
100022020
10210111
101102002
100110022
100300201
100000312
20301001
101000200
110000311
101110
4012
3202
22020001
400100101
100230100
2010310
200202010
1101100
212110000
202010020
100122100
101020111
20221000
20000032
2013100
100012201
2311
21210010
1003012
210030001
11013100
23002000
12310
11010040
1004011
110003020
11103001
100220020
304
23000011
101201200
110310100
30101020
100111
221002
131200
300400
30121
302001010
201002002
111000220
200120020
10100230
103010200
401000110
20110000
30000010
13002100
112110010
120200101
11102101
2112100
101401
121000021
310100200
2011201
12010021
100300003
201101101
10001113
130010020
100021210
21220
10110010
301210000
101011201
40100110
2001400
1300
4002010
320100010
1300300
2100301
10013020
100420
21100003
200401000
101000020
20003002
300010
11200
3220000
101020102
301300
100200202
21020020
110002012
100000033
1100203
1023010
211000003
130200001
202120
100011301
20121010
14001100
110041000
101030002
400000201
3301000
100040002
1210201
200001100
4201000
102004000
11021011
120031
121100002
102021100
101101
20201020
10110220
10203001
200203
20120011
220001002
20010103
1100410
100114
2000230
123100
310201000
400000210
40120000
1121200
1001002
211000030
210100111
11300020
110001130
101103001
202000210
202011010
201100210
102002101
400210000
110110111
201002200
2023000
20200210
21301
1303000
111000121
200000221
101000212
130101001
200100010
201010003
210202000
1110301
1003
132001
111110101
210002101
220001101
11102020
10013200
420000100
212000101
111310000
210101011
11003002
1010200
101030101
101011120
110100220
100302001
2102002
4020010
2302
22010101
300003010
40210000
120002110
11211001
1110040
30022
10110013
203011
12110101
201200101
120300001
11120011
1023100
200010220
300120001
202001200
3011011
1020202
104001001
132100000
101300110
111022000
101000104
10400011
4010110
30300010
1030
312000010
1300111
100114000
110032000
101001220
101000230
1112200
30010
300010030
11200111
300200020
101013100
110000401
20000140
12011011
2112001
11010013
20110021
200032000
100402000
101100301
1113010
130102
401001010
230000011
20102110
10400020
2002003
100010101
122010010
101212000
20301100
30200200
20031100
13100002
1120201
311000002
300102001
203001001
100200103
1000102
2020201
1102120
1121002
200110
11023
24000100
21000040
102020110
3010201
111110200
10222000
130201000
30011110
120003100
100211101
21101011
10200301
201013
301110001
310001002
210000100
32020000
40111
311020
211100200
300201100
220001020
103021
110100211
213100
400000000
41000002
120111100
101112100
310000120
13100020
1302010
20200102
300020002
20001112
110100013
102001000
111100
1201
310010002
100011100
200011102
1001113
20211100
30000310
10012000
301010020
201002101
103201000
10211200
20100040
100221100
1101310
11122
13011010
120310
113020000
210030010
1004110
3110200
20100013
20000311
14100100
22002001
101202001
10020202
211000300
11002021
21012001
304000000
104110000
110100040
12000004
10020211
32010010
2100022
320000020
110121100
3100003
102000400
410002
200320
10000000
11300110
2001121
110101
23101
200000131
20013100
30001201
30001120
1121110
1222
124
10230100
402001000
110010100
200010130
30010003
30001111
13120
10200040
232000
430
11410000
30100111
120001003
110102200
1110211
101100112
110010001
43000000
300400000
200302000
200030101
120001000
1200100
202102
111010030
1202110
10131010
100020121
20202100
110010010
110110012
222001000
1003300
120000001
100302010
1141
121001002
1140010
100013002
230101000
102100111
101310100
21110011
102000130
100220200
100202020
3031
12000010
11004001
220101010
14010100
100020100
210010
121010200
120101020
311110
202
21011020
21000121
201010030
11310100
101000140
13100110
11320
400030000
101000410
2010103
122101
401100100
310100002
2140000
120103
22000012
10003012
10010140
1031011
202012000
100211002
103010101
1110202
21020101
2101210
22300
22001002
40000300
102110020
110000110
30020020
400030
10103110
300002200
21220000
1013200
100001230
10220200
10021
110301010
200030110
20011003
1030120
212010010
210010003
21200200
2000311
200113
10000240
1114
220000300
2110030
24010000
200210101
1400200
201100021
400000021
100112200
301000030
311010010
11004010
110101210
110102101
202020010
2110
12001120
31300000
203002000
302010001
200400001
10111210
110020
40020001
4003
11101
410000200
113101000
101140000
101000311
2000032
311101
112002010
110022010
20001004
102000013
12100021
10001104
12000202
401000101
31021000
20001130
2003200
21001030
12003010
400010011
131100010
300111001
10011100
220001011
100101013
31000102
110020210
410100010
110101000
110023000
220001200
110210002
10000
10010041
101002111
21112000
20002120
104100001
10110031
12000130
10200022
231100000
13120000
300110011
110000020
21022000
121101001
10020013
202010011
3010000
202000012
20121001
1031110
110010400
202200100
411010
401101
2101102
140110000
1011103
11003200
30012010
110110210
2120011
210001012
130001002
1204000
10103020
301002100
210000211
1102111
110200021
220021
11014000
210000400
1001221
3400
2023
112001101
12010000
101010211
11210110
13000102
1104001
201201100
100001110
20001100
111400
100100311
1011004
130011100
123010000
1222000
100032100
100112101
20410
303000100
113000011
210011002
1321000
2212000
100201000
120020011
102000202
31000300
41000101
11030110
1011130
110000122
200000032
2000011
21003001
10300012
10122001
202000111
113001010
102120100
1022110
12002011
11022010
410020000
320001100
201211000
101113000
111130
3101200
220030
100010011
200002201
10002022
110140000
11300200
21040000
3021010
301030
200200
121100020
103100110
100210003
100103110
3002002
100110220
401010100
201200200
11022100
310000210
10101031
30010012
21010000
10022020
100012
211100011
11113000
1220200
40120
11010001
1300120
111031000
101201011
10100212
1020010
10213
23100001
122000020
111001210
110130001
100410010
1010320
100001014
2002201
34000000
100000300
11100100
100012102
21120010
41001010
122101000
101301010
210011200
130001200
22020010
2200120
302100100
20110300
103010020
200020201
100011013
100200040
2200030
12021010
132010000
112100101
201100111
200001040
30121000
120001210
12010201
113000002
20111011
1110130
300010021
201300100
101030020
110100103
100012000
30130
111004000
30101011
200220001
10121101
104011000
10001110
2211100
10320001
100220101
21103
410000020
11000113
201000112
20112010
102000100
2003110
2021020
101201110
200000023
200102002
10032001
10002004
420100000
101101003
100120102
100203100
102001
203000011
1000411
20020300
110210011
100130002
1301011
103210000
200101003
20201200
10004002
100212001
32200000
121100110
310020010
1002220
120200200
20014000
10110040
400101100
110000140
10130002
1010101
100041001
30004
310111000
120010000
120021010
100101220
2001130
100200211
100101001
1030012
40111000
113000200
31010020
100110112
200004001
200002012
200011021
20110210
11200000
32000110
120200002
21200020
12210001
100010110
10200310
2122000
131000110
100300030
10003000
2000023
100120210
210001
22003000
300110020
301001002
200000302
120010210
10203100
22000111
40100200
1013110
12011002
112100011
101011111
10120111
103020100
102001102
23002
300000211
10100311
100202200
1312
2100040
4001200
202201000
11001100
11000230
100011010
20011
11120110
22111
131110000
221010010
120110020
102210100
100420000
1211020
10020112
10021111
110010004
112011100
201310000
101002030
3111100
1120120
200410
303001
132010
40001110
200040100
101011102
40100101
220000021
102003010
102040
10012111
110010130
111310
1201021
12001
400110100
40100002
1130020
1021102
100002040
4021
311000011
12111100
100010200
210021001
400120
1001140
210000004
4100110
100141
100110001
402000001
3010030
10010020
10001212
101001130
1210000
100311010
1012003
200012002
4001011
200011003
30002110
110100121
31002100
211102000
10030030
110000113
220021000
14100001
1101121
10040110
31102000
22010011
10202110
10130110
302011000
101020000
100030111
11001400
40201000
320010010
101120110
10100410
2000122
13200001
120211
202030
31020010
200400010
111102001
102111100
112010200
211010101
301020010
111000040
120011200
113000020
12110200
11230
12300010
1000321
110002120
100104010
2000203
200021002
112003
200022001
10410001
1020031
11112010
100011400
101000302
100103020
12211
12001030
20004001
1030102
10020220
1111003
20203000
220000210
100201030
1010131
10010110
1000402
101032000
1014010
12100
21310
21002011
21000022
20210002
220210000
10111300
11000320
120200110
30001003
101023
10111003
110030101
100031200
140000200
100003111
30100300
131010001
13012000
204001
22100101
11021110
21013000
120012010
4100200
100410001
110000320
10200202
300112000
1012300
100300120
103
21001111
202100002
201013000
111201100
3101110
2101021
31030000
300121000
130200010
100210111
102020200
100032001
1210021
400120000
101200300
210200011
111101002
11001130
114100
13000120
200110000
310200100
1211101
212200
21300100
2201200
213100000
204001000
211010200
10042000
110200102
100031110
2011000
1011121
31000120
2201011
100301011
202003
31000000
102010111
33000100
100110130
100100122
100140010
311100001
211000201
12200002
100401100
20041
130
102030001
11410
22000003
200000104
20122000
130000120
103102000
201210001
1110022
10420
100000123
2110102
110021020
1200310
130030000
101200030
120000010
10000204
210100000
111002020
101001040
102201010
12121
40210
101200003
100111300
20200111
1103011
101122
20110201
11110210
101121001
210110002
101401000
210300010
100022200
100204000
100110100
230011
14001001
12000022
1300102
230001010
111200020
20030110
210201001
100100104
12112
3010012
10210201
104000101
202110010
400000120
3001111
12000211
31001101
301021000
202001011
100210210
30100
400101001
32000200
30003001
20001013
22120
201022
231000100
101001100
10401100
100211020
2031010
200200201
402010000
10011103
101000014
100021102
10110121
113010010
41000200
202100110
110101030
10130101
2131000
3010102
21002110
11110012
104101000
14000101
110300200
210010102
20003011
3000202
1001101
240001
10201102
230020000
30001300
11100220
102000010
102010
101230
210010021
10300210
211011100
22300000
1030000
20000302
30000004
104200
1001041
211101010
13000000
101011000
301020001
201010111
20011120
203100001
2104000
310000
100042000
1031020
412000000
401200000
200111110
300102010
11001103
1003111
40000030
200211001
121030
100110031
103210
30120001
110110000
300120010
110311
3130
10011202
30012001
310000000
22201000
103111
102400
100012012
21001300
221100010
110302000
210000130
1010023
1020310
12101002
21030010
40300000
211100002
200014000
111020101
11000410
3001012
13010002
1004002
311011000
110111011
101101120
1040020
100010014
30031
2002012
12100000
200011300
101004100
11000131
120201010
12030100
300200011
300000202
11400001
311011
10140001
1012210
110211010
1400101
13001101
112100002
222100000
211010110
201001102
120000112
102310
1002040
31002001
200301100
110011102
31120000
21010003
212002
104002
200310100
200000101
30000211
100140100
3020020
411001
302000101
201000013
40100011
1113100
12000031
120202
112111000
11004100
110400001
100020400
1300012
32020
21002101
20041000
1213000
101100103
101020120
201211
14200
1200040
110111002
100041100
110021200
10210030
21000031
10020022
1000240
20200012
41002000
11111101
210010201
1000141
22011001
20130100
110220100
210102001
12100102
201011110
12110020
30220000
120003001
300000400
102012010
1201102
400001002
100011040
4030
100020301
40010110
11020102
21101110
101010130
100000240
21030100
122110000
240000100
201000220
21000004
2020012
30103000
42001000
12001300
100021111
20010022
101131000
101102200
300100201
11101012
3121000
3101101
202210
201200002
200030002
400000102
1000303
11220100
402100
104110
100002400
142000000
111101110
11110300
111210001
100400020
101101210
1002121
30100021
410001100
111200011
11100022
200012101
22000120
10041001
2004010
100201012
101022100
41100001
20003101
10123000
1101130
200100220
10320100
2002030
21101002
102100210
1001014
20001121
3010003
1101202
10002040
320110000
31003000
140001010
310110100
2030011
10222
300120100
10300000
201021010
30010000
10001014
20012020
112001200
20201011
112300000
12100300
121021000
400000
200104
20131
20100100
11200120
10011001
2200012
401001100
220000111
140100001
100201003
2021101
10011022
22100110
130100101
130000012
100023100
100020130
110320
201210010
11130010
1021021
221000200
1003003
21130
22001110
301100002
310001101
220002100
200130001
1001131
130020100
1101013
100311100
101111101
11030002
111001120
11010103
11002120
2030101
200031001
20220100
10010203
10001131
12112000
301110010
110011201
210001201
1103200
10040002
20310010
322000
320002
100030000
101003200
110001220
20011111
10402000
400003
12020002
320000110
211011010
300001300
140100100
2121010
320010100
11000023
130101010
200210002
2110003
201001000
20011210
100102030
312010
102001030
10202200
310012000
200300020
11011210
300001120
110001040
10101100
10030021
130111000
102010030
200010001
13020001
2300101
102101011
400100020
12110011
111001000
201000100
12200020
1130002
100113010
3001
10220101
202120000
111100003
10030300
210001102
200201101
2300200
2010040
200031010
110000410
20000200
2310010
10021102
100320001
13210
1000201
400010110
210031000
4010200
121020001
2010220
101310010
100140001
211120000
102310000
301200100
220000012
112200010
103002100
10031101
400100110
31100020
140110
12031000
101211010
100202110
1024000
400201
211001020
2102110
200040001
232
12010210
101301001
101041
100101031
12100003
112010101
111202000
101014000
110030002
31101010
40
24010
14010001
130000000
13201000
10101220
1100113
102010102
4000
11301001
40000000
302200000
202000021
1040110
201301
101111110
121010110
100121110
1
202021
3200101
3003100
40003
10000102
212110
101001004
20310001
101010013
2221000
21210100
110120011
100101112
103200010
21211
301001101
10003210
10101211
3001210
302100010
102040000
200010103
131100100
130010110
133000
100300210
1030210
11122000
100222000
210011011
1030003
101311
10002112
10020121
20010220
101111002
11030020
20201110
1010401
1010002
21001210
20020021
1000042
230002000
101000113
103100002
10201030
3010120
100010410
21040
3004
121000003
201000121
310000021
101100211
101220001
11032
2010022
100042
20000230
110202100
240000010
122001100
112102000
100141000
20001211
120010102
100040011
100001401
41010001
120000103
2220100
214
133
4001002
12100210
200020300
100100410
21112
3100
1402
40001011
110210110
1101400
41011000
111102010
100030003
110001112
32001010
20000020
100102300
111100021
40000120
20040001
2200201
2102101
10011010
131011000
320011000
104100010
100103002
100310101
1120210
210004
410011000
210400000
100300000
200011111
30101101
2001220
20120020
311000110
30001000
30002020
11101021
202020001
1320100
401110000
31100200
120300100
11010400
21021100
110103001
10100203
12040
100001101
10012003
101200201
203000101
111101200
120020002
110101201
3030100
301102
1102012
3100102
400210
10014010
1001032
212002000
300100003
201004000
121010011
120000022
1010110
401000002
1111300
110121010
4000012
10113001
140100010
101100004
11110021
14101000
11002030
30200101
11100211
111010102
200200210
310100110
220000102
11101120
200010004
21121
300300010
200000200
2210110
101400100
101102020
3002110
20104000
200102020
100100110
300211
300101110
123000100
30012100
3200110
230200000
101020003
120000301
331000
220102
101101030
11020003
102300100
2001310
40300
20103100
112001002
110310001
310010200
100003300
101002120
100300
11221
212020
10012030
11200012
111201010
1111111
101030110
101000041
21110101
20100010
301101100
210101002
20200003
11100013
110200
110200012
100131100
2011300
214000000
131020000
104000011
100004110
30100030
10201003
100220011
200010112
100022011
100003021
301000111
302002000
10400110
10002211
201020200
113100010
1401010
10100140
20220001
100002310
10112011
110011030
210030100
130003
2310100
1140001
100031002
120001
112120000
21012100
110010022
20001301
210100021
12300001
21004000
10020004
10000210
210040
110010112
211210000
101110030
210301000
200300002
1211002
1101220
310000012
400000012
200102011
2113
121001200
3011101
100301200
121003000
22101010
200221000
201001030
1211200
200120110
300202
141001
100031020
12000400
200121100
100013110
10001311
101020210
12100201
23200000
212000020
410010010
211010011
102201100
100120030
10012201
101012011
100010002
211100020
310002001
20111110
31010002
1100041
2300002
21202
1011001
1002001
1000012
3100120
200111101
2311000
12200110
300201010
11200030
211000021
11001112
1410001
100003120
3011200
102000121
141001000
203000200
300031000
210002002
30102010
10101103
210103
3220
10022011
210010210
200101120
10122010
10210210
2001004
210031
301011010
10000411
102202000
300210001
110100400
100101103
200011030
20112100
10031020
102301
310012
203200000
230100010
100330
21010030
30000202
130003000
300200101
100030030
11010211
101010103
200000002
11100121
2010121
10000312
10002001
1311001
104000020
120002020
1011220
200014
22000201
13001002
103000012
100200100
1011031
2140
100020022
42100000
111110011
301002010
20001040
30000301
211102
2011
102100120
21100012
3000001
2201020
2100031
3040
10300120
13003000
11203000
20020111
110120110
100130200
1020130
121000030
203001010
100101004
200120200
100200121
30100210
230000002
201103000
10212010
200011012
20113
10200100
11010100
120111010
2000041
1021111
110131
3301
2120110
100121020
202101010
120310000
120111001
20003110
101101102
2020030
10021201
110001001
140002
10111
310000201
32000011
102002002
1110013
12030010
30102001
20032
320100100
112003000
210100030
11301100
11001211
1410100
111200002
10033000
1100200
1100104
220
3100210
1001320
202030000
301010110
300002110
101011003
101100202
20221
101110300
4010011
10040011
10301200
3021001
4000003
102121000
11110003
11302000
1100110
130201
400001020
120001300
21012010
211012
111011002
1231
101101000
220020001
2211010
121111
1010221
100004200
114000010
401002
20020120
101200120
210130000
22000030
300011110
300000220
102000112
10010311
101300002
301000210
130001101
100400200
103020001
201130
121011100
202010110
10001221
210400
2012020
411000001
200300011
111102100
120200011
1004200
202000000
201001300
100110010
321010
102112
12012100
11211100
201101200
200030020
1011400
10102300
100110040
221001001
1030021
20202001
201201010
100012120
20101012
102100012
311101000
310001020
110010040
10302001
11001301
213010
100002022
400300000
22120000
200030200
100000114
110100004
103001002
10010221
1002100
410000110
400111
300201001
112000021
10101004
310101010
300310
31201
112001020
2202010
410101
200013001
212000110
13111000
200131000
110030011
10101121
3012100
2100013
11013010
210112000
210110110
110003011
11001040
200100301
112000201
11012002
302110000
111013000
111101011
100000030
120000202
101012101
10201120
10001401
103030000
101011300
20012200
1110103
100002112
22101001
22000000
111011110
300111010
210210100
121002001
401020
23011
241
2201101
110020102
100001023
1022002
100300300
111021010
210021010
100030300
30111100
100200310
100221010
112
220100002
110221000
201010120
110000101
100101130
110101102
10003120
2001031
301200010
11211010
200101012
12011020
31200001
101001202
40000111
202210000
120110011
120001201
100300021
10002013
2210101
3210001
20012011
100031011
103000000
113001100
201111001
200004100
30000130
101400010
401000020
200011120
412000
304000
311002
120010021
20020
110001022
102100300
310000102
21301000
100103101
10103002
200022010
1000132
101200000
30101110
1110100
1020103
104101
11002201
13200100
20100301
311010100
202020100
400011001
200012011
303100
140010001
10102012
210012001
1000024
300003001
210000013
110000200
101013010
1110112
21011002
43
40002001
31000003
21111100
210012100
230200
2410
200001022
100001320
12001111
231000001
230000020
210110011
200202100
100111102
330001
2012101
1022020
101010301
302000110
31100011
1330
2203
20103010
400020100
200002030
30211000
200100013
1120
20023
210220
200110300
210201010
203100010
10120003
103000210
100002013
110140
4002100
202110001
300300001
110012110
11000101
104100100
200211010
10001041
40012
10104010
41200
12004000
142
4200100
201110200
21310000
120102010
100210030
43000
100040110
1202200
41000110
410001001
10001410
101000101
200101021
120112
11212
1031002
311001010
100303000
110112010
20131000
202002100
210211
120012100
4020100
102020020
1110031
110001100
1310011
111010
110212
230020
30200002
130111
100101211
102101002
100012021
10103200
1021030
12010
1212001
112010110
101112010
31003
11131
10101130
3001021
111202
201000400
3200200
41010010
13011001
210003100
100001140
10000222
101110210
102021010
320001010
200000410
1012000
1013101
230110
210100003
201002020
4101010
101120002
1401001
120301
101203
10200121
14000002
101203000
101000110
300001021
30010102
122011
1200022
120100300
203100100
421000000
111030001
101102101
2230
140000011
141000001
110300020
102000310
100111021
33010
200002210
11001010
20000401
200020210
20010031
200041000
20021200
20002111
3022000
101200102
12022000
300001012
20010211
21200011
101210110
1110400
100020112
121000000
311100100
3101020
301012000
11021200
102000004
10311010
2003002
20100220
320020000
101010400
201000211
111000130
100100014
2003011
11200021
103201
100200301
110200120
12121000
102010003
101211100
20320000
102000022
122110
100000210
10140010
220100101
23011000
20410000
30010210
103021000
102011200
111220000
10103011
2110201
101200021
100010212
11020201
300130000
310110010
31100110
30020200
203010001
1010230
10001122
400000003
20030002
20004010
1100023
3001000
13002010
11040001
300011002
111000022
10100101
2010100
1310200
112000012
1003210
32010001
12400000
104200000
111003010
30000040
100102012
100011202
211010002
100002100
100101022
11112001
110001004
100220110
2032
11011120
20300020
30011200
401110
100401010
1100020
12020110
20000002
300100210
110100022
102002200
200140
23110
40000
121001110
112010011
111001201
100113100
110110201
104010010
112030000
14020000
310001200
120010111
10100023
103000102
310110001
310010020
201022000
30000100
102300001
111012001
210301
110111200
10141
100001311
100000402
1200130
20010121
102100003
102110200
30111010
2040100
111301000
400001011
3004000
100102021
1200220
2040010
10120120
2010004
102211
31020001
20021011
3100021
300111100
110031100
101100040
3010210
120100102
110130100
32200
13001020
30100102
22021
1020112
12120100
100033000
120210100
10211020
100001203
31101001
200100004
103002001
121111000
100001410
130000102
30001021
201100120
11100301
420100
100301101
101302
10112101
300000310
101100022
200001202
13010020
12100120
1200010
1300000
300022000
111000013
30000103
10121110
12011110
301001020
1102030
31200100
110001301
1001023
10212001
10002310
300100300
401100001
113000110
211101001
30040000
10300102
1120021
100240
1002031
30111001
100120120
111220
21010
31021
21002200
111001030
210100120
3101011
103000120
21000103
2010010
2001211
112030
210200101
400002010
110001010
1000330
20200030
120030100
101200
200023000
200103100
11100010
21100120
1003021
1000021
121000111
220110100
201110002
110004010
100003201
10004020
20022001
200003110
101022010
2400010
1103002
113200
112210000
201002110
10111111
11010130
300000103
102200200
110041
100000231
10200010
110211001
200013010
401000200
114100000
13000003
210011110
110200300
200002111
12010012
10014100
11003101
2030200
301003
1121101
21000130
114000001
200111200
210001111
100120000
1130110
300100102
200002003
13101100
1102210
200021011
201400
11012011
1120000
200121001
21100201
110022001
30100201
201101011
210000031
2031100
2101012
20100004
10010230
23001001
12211000
11012110
11000032
3100000
111100102
1202002
100100221
1220002
121100101
221100001
200203000
110131000
100112110
130010101
1210
22010110
1010113
31210
124000000
104010100
201120100
201200020
210022000
111211
2103010
11002210
11002003
130110010
10100011
420010
101001211
130012000
10100122
10010101
20110030
2410000
110110003
101020300
120002011
202200010
40000210
24000010
121021
220011100
104001010
200112100
110000032
220020010
100040200
3202000
11110
400000111
210000301
20011030
20021110
101202100
200130100
140001001
110014
1012
121101010
111010300
110300002
210001300
200013100
121012000
10031002
30021001
10130200
201100102
310300
11121001
20200021
10330
202011100
111100111
300010102
1201300
3020011
100040101
310003000
11110000
301200001
11030011
10100113
40000102
10012210
2001100
20011021
30110110
1100131
102002110
200020120
301000
40102
10140100
100010230
114001
1200112
100003
10302010
120004
2020102
1210102
10111000
111000031
1010410
100023001
21010210
10121011
201100030
1112110
300000040
200000401
121200100
101210200
120010120
100200013
31030
2100400
211000012
100203001
211
3100201
11010112
114001000
202021000
111002011
32000101
101021101
13001200
311020000
2000002
100012111
100111012
1002202
22011010
40011010
102100000
402000100
1141000
210000220
2200300
100111120
10010023
3010021
131010100
221001100
210110200
102003100
1003102
211020100
31110001
120011101
101201020
32110
110310010
40001200
13200010
240010000
31000030
210200002
11041000
100002220
100300012
1012012
240100000
203000020
211020001
101004010
30000031
1110001
100301020
301110100
11001121
430000
10130011
120400
200010301
111100300
100003003
4010020
200000041
200101102
10301011
1002301
201012010
110001013
2011111
23020
1002022
101010022
23200
141100000
120400000
301001200
211000120
20002003
101101012
1021
20210011
2100010
220120
140010100
300011200
310111
100021120
10310101
2013001
11100004
331000000
11011030
201101020
110002003
20030020
101210002
30010300
20000320
21300010
12001003
12001012
241000000
201000010
1040011
22201
2200021
2100130
102010000
211110001
110003101
131010010
100310011
21011011
100101040
3120100
111111010
200020030
300000013
103100011
11210020
100101121
200001004
20102101
1200103
100121101
4300
312000100
212100001
31020100
120020020
200100001
102002011
10002121
1003201
400010101
120000220
140101
123010
203110
100001131
402000010
102112000
110031010
111000100
130110100
3000130
12002110
1300201
1022011
20020102
210013
102130000
200112010
300010201
200121010
1042000
12220
10000321
2002102
100301110
210012010
110040100
30030001
1120102
2101
21001201
1020001
212000200
120120100
30010030
1210300
1110004
22001020
2202001
111120100
31010110
100121002
100112020
22030
112201
20031001
310001110
330000001
20031010
1402000
113101
101010004
102211000
30202
22021000
110002201
1014001
111112000
211300
3110011
300130
1321
1302001
1010014
320200
210011101
300030001
101220100
1100311
1310101
101011012
100104001
111012100
120000100
110210200
31102
101200210
1020301
110100130
100100131
31001110
330000010
301201000
101003110
21121000
20212000
2010130
200010202
31002010
2102200
1302100
3000211
3000013
402100000
211111000
101012200
30020011
20010400
10102111
110011012
11001031
101010310
100010104
302101
200020012
11220010
110010310
400021
101011210
122200
100030
12020020
20000122
100011004
131000200
122001010
301010200
201020020
201000130
20140000
121000120
10001002
10301020
2020021
300202000
310200001
111002002
20110111
142000
10033
100003000
200110120
221110
100113001
10204
2000020
140200
420010000
13011100
111110110
111000211
2301100
2002300
100002010
3211
10240
2200102
12110110
101110003
110104000
10013002
11130100
1101103
100100200
30100012
402001
321001000
10000201
200410000
10101310
2000140
100012300
2002
223
200101201
110122
141010000
310210000
302000011
103001110
110020030
100120300
1001302
2001301
302200
11401
3000121
2000104
131001010
13000111
101001121
120001111
100411
2020000
10020100
320200000
110201110
100120111
110221
101110021
10001011
30021010
201310
100002031
12002002
320000101
301100200
301002001
30300001
10132000
200020102
40000201
200100202
220000
210101110
210111001
20000011
3130000
201100201
100100140
10200400
1001011
211000000
102010300
300000121
10102000
2000110
2320
111211000
21100111
113100001
10400002
1111102
1310110
121300000
221200000
111200101
102021001
101001022
14002
30112
221010100
10000330
130120000
10101013
310030
200010010
30210001
20140
10010032
320000002
220100011
300012100
111002110
101023000
200000230
21022
120020110
110201101
100102
1020100
100030120
223000000
202111000
211012000
300011011
201101002
102301000
21031
12130000
202110100
201020101
20000104
1310002
200200120
12103000
103001101
22001200
101121100
30031000
110120020
3000100
2130100
10410010
104020000
10141000
300000010
201100012
1030201
330100000
10300111
200120101
100102102
113002000
200101111
30200011
20012110
100001002
32100100
2400100
2010013
10202002
211021
1000120
122000110
4000111
110320000
10311100
10401001
10200004
100002121
14000110
11110111
110020003
11100040
3020002
3000301
113200000
400020010
200102200
1100221
100010113
202001020
100001032
140020000
321000100
221000101
112201000
111210100
100211011
301001011
120102100
211003
10100131
2011030
1000312
103002010
10001203
202100101
310200010
112300
201121
42000010
1201210
30021100
112021
21100102
210020200
111001012
30000121
201030010
100011103
30200020
1111120
1230001
110113000
130001020
120101002
22200010
1010122
3022
101001310
40002010
112000210
10023001
13000030
20101111
110400100
1211011
100001302
121001101
104010001
100120201
11301010
101002000
300000001
120010003
200101210
101100121
10114
111021001
1320001
10100032
3201100
131000002
103300000
101320000
111011200
110001103
10400101
100010221
4002001
20020012
20032000
2101030
10012102
131002000
210103000
10030111
102003001
21010120
220120000
101001400
1000033
221010001
200210200
101310001
400002100
132001000
102102010
222001
10012300
30001
20101201
201100300
100330000
300000031
10000003
121110001
1010140
100201210
112012
10003300
23010100
120022000
1212010
2220001
140020
10000012
14110000
201220000
3002200
2120101
200111002
200000011
200100103
201112
31111
101014
201112000
111200110
100111000
32000020
103010002
103000021
110110021
300200002
11100001
1121011
120100021
1002013
200000014
30201100
120101011
100201111
1101040
110220010
21002020
110021011
140000020
200031100
21010300
30030010
200220010
12010120
1020022
103001011
2011210
312100000
131200000
40000003
11121100
112020100
300002101
30100120
101012110
23000110
200210110
20110
110010031
10002031
10310020
10011040
113110000
400100011
200002000
101000131
30001210
112020001
10000123
20110012
11300101
301000021
10011310
11320000
210002110
100011310
21021010
2310001
11104
20200
24100000
201200110
200004010
200000140
3100030
131110
112011001
101002021
120010
20200201
220030000
311000020
301120000
102200101
10011031
120021001
101104
1204
1300030
101003101
31101100
200103010
100100020
100210201
121
3200011
22020100
12020101
110040010
1111
10200211
320101000
310100011
103120000
10031110
111000400
100112011
11001004
14001010
200211100
110030110
20300002
1104100
3030001
3111010
2001112
100000321
10040200
10101301
103012
200230000
200012200
101140
100004020
20210200
400000300
300021010
201003001
30101002
100002202
21102100
301111000
230000200
212200000
10000300
3400000
12000001
2014
11310010
202100011
12010003
201020110
31110100
123000001
121201
403000
101100100
203110000
13000300
200110003
10003003
120001120
121200010
103030
101010121
3112
201012100
201000004
20030011
130000021
100240000
11101210
11010022
300000100
33000001
200311
10201012
22110100
120000211
102200110
102200002
410110
12101200
13012
101221000
10041100
20300110
110101012
103110001
1102
21001003
202010200
200200030
10010011
22012
101100310
212100010
201110110
112010020
111111001
200000320
23020000
103200100
202000201
22100020
11023000
20000014
14100010
210210001
10101010
100201120
120120010
10012
31000012
2103100
112012000
201020011
200003002
120001012
100101010
200001301
103000030
103110010
102102100
121012
131002
110012011
41000020
101000002
120110101
30201010
120000121
3300001
10010212
20302000
30030100
2010001
10131001
103003000
3012010
102001210
100101202
101221
11100031
411100000
13001110
101110000
110022100
100000222
100000
401011
101011
33001
21120001
110202001
41000011
101021200
200310001
21300001
10013011
11202001
211002010
30110200
100132000
42000100
11220001
100001104
10312
301000003
202000003
14200000
210000112
132000010
100001122
10000420
4000300
220011010
24100
100010032
10210
2131
10020400
300012010
11002300
11101102
4110010
102000040
20014
2100211
11012101
100111003
11000011
11000014
210100201
101102011
21100210
24001
110203000
111002200
200200021
12000301
10120201
201004
410010100
2101300
2111200
10310200
220201
32101
10020103
201010000
400010200
30010111
20001220
1122010
1020400
110002102
20001001
1000210
102011011
3000031
120100000
102400000
300003100
210003010
110000221
10211011
10010131
110031001
201121000
130101100
110104
20120200
12120001
220110001
22200001
200201011
200131
21001
210300100
11040010
102010021
300110110
100200112
2100100
10011220
10200001
1002103
211100101
213000010
102011110
110110030
101300020
1220101
2103001
100204
10110103
103300
100100212
110032
22001011
12002101
210020011
22012000
112020010
40001101
211300000
212011000
202100200
2100121
10112002
20021020
203101
10004101
22102000
210021100
21200002
101103010
102000220
320101
1200004
221000020
111021100
200111020
200020000
21001012
2101201
302001100
200100121
41002
10402
2021011
420000010
203101000
1030030
101012020
11112100
30110020
100300102
100031101
20010001
100010020
240100
122020000
300010120
101000203
200100310
100100032
100011220
112110001
120021100
2120020
40001020
13020010
10113010
100210021
12100030
300110101
103110100
110100010
101020201
100012030
221200
21100
400012000
210200110
10204000
200100400
103003
103010110
13000
100200001
20201101
10104001
20020210
2031001
202000
11041
203000002
200010100
32010100
20030101
12210010
100100230
10021000
10010410
133000000
103020010
101311000
121110010
100130101
100010023
1203010
20001022
100001011
140000110
30210100
130000210
100102120
102001300
231010
22110001
2110120
110012002
11200102
100000021
20400100
200200000
111001021
11000200
20230000
101210020
1410010
1000420
10000024
21102010
30120010
310011010
200111011
300000130
400300
2000131
200112001
20002201
202300000
111000112
110100112
3000010
1110220
20320
40030000
31000111
11102110
2201110
100102201
121002100
2121001
11001202
200002120
20401000
100100011
11020
21013
3103
110011
21000301
111030010
101003011
110002030
210120010
101010220
110302
10024000
112000003
20011000
320020
34
10020130
10014001
310011001
200010211
2012110
2000221
13003
1102300
3201010
1111021
100024000
10210120
221100100
14000020
1420000
10100401
2000320
132100
10210021
102120010
22102
40010101
101101021
110112100
110010103
211002001
200001121
130102000
120011011
20202010
100213
131101000
210111100
11101003
110003002
20300101
11121010
42001
41110000
210010120
1221100
12101011
140010010
110001031
10030120
10003102
1140100
200100040
2000401
1110010
32100001
40021000
3000040
40200100
301000000
122011000
110101111
101020030
200001013
3020200
11001022
101020021
111011101
111020020
21110110
10010014
20010112
201102100
130011001
1021120
12202
2202100
1001200
1103101
20230
320002000
302100001
111030100
110002111
120001021
100110400
2110021
32001001
302000200
201201001
20002
22110010
12002200
3201001
211021000
12040000
311001001
211001002
100410100
2110300
20000113
4001020
120000310
1013011
100311001
10000132
31000210
1012102
221011000
110200003
1000114
103012000
1010032
200202001
1000003
3011020
4201
21001102
1210012
100120021
211001101
201010210
101001103
100111210
200001031
10022101
102110011
400200100
11000221
200023
30201001
22010002
10102201
1120111
102001111
101040001
100301002
230002
30103
10032100
202012
101030011
101000320
30020002
10210000
201102001
21003100
201000022
30120100
130010002
202001002
110020021
14110
100000042
201300010
110020000
11100202
100100023
102002020
101040010
2020210
400111000
212010001
10030003
301000012
313000
102013
10030102
10303000
201003100
10002220
130002010
2000113
2201002
100102000
31120
210002020
11000302
30022000
30001012
1201111
1131010
20001031
211010020
11011102
12301000
102020101
300021100
1100101
1420
3010300
100121011
120100030
11311000
11101000
210101200
200001400
100212010
1012030
32011
201300001
20000203
21201010
3101002
1013020
1101031
41020
12102100
400000030
103000111
222100
3102100
2030110
201021001
12001210
20102200
100411000
200000020
2200000
12120010
103120
301
23100010
120210001
111010021
2022010
11010031
22111000
11000002
110210020
100202101
10123
40010200
100201021
220201000
110301100
11011201
210100102
40030
10003
100300111
11011300
1011112
21003010
1111000
3100300
11120200
2112010
1210030
301011100
204000001
10411000
111011020
110011120
20310100
1120012
121000300
1014100
10003030
102030100
410020
130120
112102
21002002
302000002
310020100
11000041
110201011
110120002
200100031
31001020
100010122
100200400
203011000
201001111
30202000
20011201
120002101
100123000
100011031
303001000
320010001
10201300
30310
10200013
1002400
220003000
20022100
121120
100013011
100231
2200210
200300200
101010100
120010201
10101400
300021001
12001000
301020100
111000301
1210210
201202
120121
201100000
300001000
4102000
3000022
2301010
140011000
22210000
210310000
400010002
220101001
10111201
12200200
1104010
131000011
22100011
100111111
1022200
111000310
10000114
10102120
10100041
2041000
2401
21400000
110000203
30101200
10310002
10041010
10020310
2301001
220111000
10330000
300200200
120220000
200200012
101001301
103011100
10401010
10102210
104020
1240
112000030
200200111
101000221
1001212
1301020
20011012
300211000
211000
110120200
10111120
200002021
100000420
21103000
112011010
210011020
1011211
10000030
210112
121000
13201
240000001
300010300
201001120
10004110
1003030
130200100
21000100
1202020
2000212
221020
101020012
20002102
300013
312000001
211110010
31012000
20000212
1040200
111112
204000100
120101200
120130
2102020
101102110
300101002
300010210
11102011
2101111
200040010
20100310
310011100
112110100
300000112
11120020
100210120
1033
200001130
230010010
10120030
10321
1001230
301021
400102000
11003020
1102003
3011002
221101
100012003
201102010
200010400
20100112
1011013
1111012
111040000
101041000
210002200
110002210
11003011
120002002
100200004
100021021
20110102
1011301
203000110
110020111
10110211
100230001
100200031
1012021
22011100
13102000
313
22000210
10220020
300102100
1312000
300100012
2300110
100010401
14020
1200013
20002012
100101400
202101001
121210000
101300200
111012010
200000203
110000212
1400011
2130001
10221010
11201110
110000014
21202000
4021000
10411
12000103
102210010
100310002
110040001
1200031
400001200
100000141
100310200
100200022
100000132
10200220
10120
21011101
212101000
110300110
11202100
102000211
421000
100021012
400102
120220
301000102
1201030
222010000
330010000
111100030
11011000
310002010
1030111
10010122
20010310
3010111
2021110
2002111
101110012
10013101
2011021
104000110
210121000
110401000
400200010
11104000
1303
31011001
122100100
101000011
121010020
30011011
101010010
200302
301010011
201010201
1103020
120100210
10023010
20010301
300100111
111000001
22200100
111100120
110103010
20102002
113010001
4000201
231010000
210201100
120110002
30102100
211210
100030201
12031
23010010
20220010
200001103
2120200
100014010
1010311
100032010
11011
100110013
100302100
10230001
11020021
1411
110013001
141000010
110000002
130011010
101100001
2001010
1013002
110002300
110001121
320000011
211110100
300040000
101300011
110212000
200012110
10110001
20001103
101103100
10100104
100310020
20104
12000112
1002004
401000011
122200000
32001100
1021300
101011021
13110001
221000110
111400000
310010011
211001011
200032
12021001
1400002
3121
10002103
10303
303010
131001100
103111000
21120100
220002010
102300010
3002011
10102
1200121
220210
220100200
100000411
200100112
13111
4200010
101001001
4200001
210001000
210001030
11032000
200000212
1211110
4111
301102000
300002002
101400001
121210
2011012
210010000
210040000
12010300
3102010
340000
100210012
4101100
101021002
220000003
114000100
213000001
101410000
200122000
11111011
200001001
1123
2210200
200010040
110311000
200201110
300200110
201001210
1003000
4100011
200110012
203200
300001
12002020
201001
31000021
311002000
210010300
201210100
30011020
102200020
10103101
1310020
10002202
311001100
22101100
11000140
20200300
200110210
1220020
203010100
100000003
310003
12013
21000310
12111010
130110001
20300011
12210100
30301
3310
121101100
120002200
11103100
2030020
222010
122002
311200
101131
410000011
201111010
10300003
220200100
10210003
103010011
10011301
21000220
21200101
101210011
10231000
103000201
2220010
1110310
1300021
20010004
211030000
321000010
300100000
12003001
20101120
21100021
220200010
102101200
2101003
1040101
212011
102001120
40020100
300020011
200021200
201001201
1120030
1120003
1103110
112111
1012120
400101010
301010101
300001003
111003001
200003011
200001112
112002001
10111012
312010000
1111030
100200130
100002001
10011013
10320010
1040002
33100
210110101
111001111
210003001
10201000
103011001
3000400
31001002
302110
1024
210010111
30310000
3310000
10240000
3200020
101010001
110020201
10200031
210111010
310010110
211120
4102
102110101
12000220
102001021
200021020
100010041
30220
12000310
10040101
400100200
120011110
100000213
1000111
10312000
10100221
2003020
20010013
10001230
101101111
30000112
101100130
22003
12130
2020120
12021100
110004100
32002000
20040100
1001122
1020220
110012020
10101202
111300001
100210000
10100110
101020
112101001
102012001
420001
300010111
200212000
20130001
120030001
200110021
121100011
210120100
11011111
210000022
1000030
30004000
401200
1012201
11310001
41101000
300100030
200011000
110102110
1131100
200401
1201201
201011101
210020020
11101201
2001040
111001
12011101
211020010
110001310
1111201
3000103
40110010
41200000
11140000
1021003
40101001
20400001
13000012
21130000
11000212
10100320
2111011
2030002
10030210
4012000
100131001
401002000
130000300
400
3013
20210110
221101000
211101100
12110002
11100400
131011
100020013
200220100
101210101
22210
4101001
1000
31001200
140200000
10001140
121020100
11210002
1113001
100201201
100024
430000000
210300001
11200003
11000020
220000201
20211010
10121020
1001020
1411000
200011201
200010121
330010
100004101
13010011
1000204
200030011
1010104
13021000
40200010
14010010
100201102
100001200
300101101
110000023
110201200
101120011
100010203
100320010
31200010
1000213
200002300
20000110
30000013
2200111
300100021
1203001
410001010
300020200
110003200
1011010
31
2110012
110111020
402010
203020
200221
40110001
10021120
140101000
310120000
101130100
1021210
100202002
100002301
101002102
10102021
111110002
121010002
13100101
103101001
1041010
21001120
121110100
200003101
100130011
121001011
121020010
10201021
40003000
11000401
11200201
100132
40021
4030000
300101011
210000121
100001113
101202010
3001030
11111020
20100211
130300000
101100013
100001212
21102001
302010100
101001013
10101112
113020
412
20001310
110100001
10202101
100011001
100002004
201003010
120013000
10400200
101110201
3031000
302001001
40012000
120010012
202200001
114010
212001010
110111110
12010030
300301000
1000222
130100020
100200220
32100010
120210010
201120001
102010201
311200000
400021000
110001211
200000110
110000302
100000111
1021012
130010200
42100
120100
10220110
230000101
230010001
10213000
3001201
102010120
410011
10202020
10020001
20020201
202000300
201031000
20212
22010200
211201000
2100310
11010202
2022100
1201012
40010002
212000002
210002011
11001310
120121000
2210020
21001021
20110120
110001202
100120012
310000030
1010011
12101101
10010113
101022001
10001200
12004
120100201
110004001
110000230
110000131
100203010
100002211
20101
12012010
202000120
110110
220001110
120103000
22000300
210013000
310002100
220010110
200122
41011
102100
14011
20010010
11111200
110003110
11000104
120300010
100030012
30211
102031
122000101
1330000
210020002
211000210
100110103
1100032
141000100
122002000
200110030
130210000
10101040
110011021
10210102
411000010
20010130
20000101
111100210
102011020
20100400
1002310
10001020
21210001
21201001
40011100
310010101
200021110
101002003
220111
300112
1101004
201130000
200110111
20111020
200210011
110113
10021030
102110002
200000122
130100200
130020010
21201100
1121020
21030001
20210101
122100001
201011011
100001221
33001000
120003010
100110121
20211001
13000210
10001101
21021001
12022
210020101
100000330
3300010
2041
10022002
13000021
11021020
111111100
301101010
1033000
1400110
201103
2100001
100000102
340
301010002
201011002
31100002
101211001
200212
403
21101200
20100001
10023100
1202101
410200000
10122100
11002000
1201000
211111
22
111121000
10022200
40102000
200201002
301003000
11212000
30020101
3001300
21000202
10110301
111001300
110000011
3100012
1301002
401100010
1030300
300001201
30002101
100021300
3010
101300101
120011002
4011001
10301002
301000300
111120010
10100200
100100302
201010
40020010
10024
102103000
200101000
300001111
310101001
2100103
310021
112210
2100004
1311100
30002200
100231000
1100122
124000
10021003
13000201
1041001
110111101
201030001
100012210
2111002
102000031
10231
11030200
10102003
10021300
2012002
1131001
10003201
1102021
10211101
11201020
101100400
2012200
20100121
10110112
211200001
13010101
10022110
11011012
110000041
100211200
20002000
2230000
1000000
220100110
204010000
12310000
1301110
11000110
103100101
11110201
1221001
10102102
1101001
120022
102110110
111101101
1021201
1010041
100000204
12010102
111010012
201040000
1114000
101111011
100400101
100021201
113110
102130
120100012
301030000
210211000
200003020
130020001
3000112
1220011
11113
100010131
41020000
111000202
210210010
2210011
2210002
10104100
202201
102101110
211100110
1041100
41110
200012020
111004
1020211
400001110
113011000
400110001
101301100
200120011
140011
1011310
11101111
33000010
110102002
11100112
200100022
102001201
202111
300301
300000004
12201100
111210010
130030
101100010
1100230
100023010
2200
300011020
120000130
101100220
2011102
200010310
100110202
10002400
102022
101101300
1011100
201010102
302002
11100310
2300020
200010022
10030
121002010
12020200
110121001
10200103
301001110
112100020
30003010
110101120
1032100
4000102
110300101
110122000
220002001
104011
102010012
120012001
101111200
1101112
100011112
23100100
21031000
210310
100000120
12020011
310300000
10000303
100400110
10111102
111022
322
10012120
4300000
101302000
300101020
30110011
11103010
11010004
22000102
10110004
14011000
31010200
11120002
2401000
110203
1042
1020013
113002
330001000
410101000
112101010
2110111
111100201
102101101
1031200
201220
112100110
110410000
102013000
20002300
101201101
3001003
10110022
2001013
1000123
110010301
211200010
11111002
230100100
100103200
223000
321100
302101000
11000122
2003101
2000302
410200
100010311
11002012
1001104
20100031
210202
321000001
200301010
23000020
30000001
10221100
102100021
121120000
21001000
112001011
2010202
110301001
100040020
10000141
220010101
220010002
20011102
1100401
102101020
1023001
103102
11300002
210020110
111020002
200210020
11201200
101200012
310210
10021210
110010220
121011010
20302
31000201
301100110
4001110
100110004
20103001
100402
1020040
20022010
4011100
302010010
11020111
301000120
100400002
100020211
1300003
3020101
30040
10120210
10200130
1231000
10004200
10012012
120040000
20101000
200130010
10300
13110010
10001320
201111100
300020101
20030200
201120010
130021
120000040
220300
401101000
122010100
300010000
111020011
300001210
21110020
220003
200021101
122010001
11010310
20013010
200301001
410100100
110300011
220011001
20000041
3211000
11110120
410010001
210110020
310001011
13300
1203100
1004020
10310011
203001100
220020100
220010020
1210003
411100
20101102
100014001
130210
11401000
11230000
11002111
112200001
100100203
121003
11102002
1112020
201010300
210004000
201001003
11030101
200201020
1130200
211003000
20101003
100020202
10120012
140001100
120004000
100021003
20400010
10010320
1032001
10001302
201110101
201000001
30010120
2320000
101021011
110010121
42000001
300000301
30110002
101101201
102020002
101013001
200101
221002000
1201003
11031001
12100111
111200200
210000310
20000023
2011003
40010011
10112020
104000200
11001013
11210011
1401100
204010
22001101
120100003
111002101
20311000
11110102
2212
120100120
20401
303000001
10301110
200001211
220110010
100004011
100030210
400011100
21010111
201040
2400001
10300021
230001001
20003020
2203000
2120002
1112011
10221001
20203
13
410000101
101110111
201202000
11131000
200001310
2014000
10020031
111300100
3120001
10111021
100030102
121001020
123000010
300210010
102210001
11400100
210100012
14101
21020110
10010002
100000000
111010111
201000031
1100002
102012100
102022000
2104
110001400
101000401
23101000
103101100
100212100
100101100
2110210
1230010
100321
10042
22100002
200113000
10011130
21011110
111301
11020012
31001011
11010301
222000100
12101110
200001010
30000400
200020
212101
101002012
110410
201010021
240001000
212001100
104001100
111201001
11201002
101130010
210130
20130010
212010100
200102110
1200001
1032010
210220000
11110030
23000200
2200003
100100401
101320
100013200
100202011
112100200
202100020
200300110
11000311
200100100
101110120
11020210
11011021
10032010
200002
100003210
211001200
300101200
10000111
120010300
10201111
300121
101002201
10220011
1002010
400003000
31011010
120200020
120000031
10100002
102001012
121100200
11101300
111010201
11010010
10200112
410000002
10114000
201000301
100102003
200200102
100004002
10000042
131000020
101122000
40100020
20210020
120120001
1002112
32101000
300100120
11100103
1210120
10000402
2002021
11003110
20300200
220000030
110211100
101001010
10100014
100020010
110020300
12202000
13030
200000113
20002030
1110121
21000112
113001001
220012
401010001
210001021
40101100
130000
101410
2001103
300000022
1240000
3000220
12301
102102001
10300201
403000000
220102000
210102100
111001003
111010210
200103001
240010
1000231
20002021
310102000
310020001
201000310
120202000
10110202
10101022
10004011
230010100
11120101
101120020
1011040
1010302
101212
4010101
100122010
230001100
140002000
140000002
123100000
30200110
100104100
11013001
10002130
1101010
231100
221000002
201400000
111130000
201110020
30003100
1400020
310120
24001000
210022
13210000
121102000
300013000
110010211
10120102
100102210
330100
40000021
20201002
201011200
20004100
130002001
101110102
100021030
212001001
100041010
1003120
204100000
300020110
200003200
120001030
100312000
2010400
21111010
20111101
232000000
420000001
303100000
4000000
10111030
210000001
4110100
100222
1012111
300022
34000
20101210
2001022
121201000
202003000
200101300
110202010
2004100
200010031
2020003
100200010
101031010
1001110
100321000
10211110
110201002
102020011
100002103
3210010
101010031
130012
41001100
212000011
200101030
120000004
113100100
2300011
2001001
1100320
203010010
221011
21000211
41001001
100201
200140000
20101030
120000400
2111101
11010121
20010202
130000111
100011211
22002100
20120110
1022101
10300030
11020300
101002210
3021100
22002010
11002102
22100200
20121100
101010040
312100
40000012
411000100
200300101
211002100
10110130
202011001
300012001
4020001
101001031
21000001
1320010
30400000
3103000
110100031
30013
12111001
22000021
1200301
10000231
114010000
20301010
10321000
2020111
20100202
410100001
200311000
102000103
121102
11140
20102020
110013010
101001112
30301000
30001102
11202010
110102011
110230
210102010
30010201
11130001
3001120
21100000
2113000
10113100
20021002
13021
12100012
10310110
300210100
200022100
20111200
211030
300010012
131020
321001
320100001
111101020
101002300
120110200
214000
420001000
23110000
2021002
1300210
1201120
1002130
12102001
10201210
410002000
221001010
103000003
20113000
1120300
101010112
20013001
102201001
231001000
401020000
213010000
110101003
101031100
421
1004101
10210012
42010000
20110003
100310110
12030001
21010102
12000040
400012
12000100
310000111
202001110
211200100
130002100
20020003
3002101
221000011
200200300
30011101
10102030
121030000
300103000
111000004
100103011
100011121
2040001
231001
211001110
400100002
300030100
200011210
10120000
32002
213001000
201301000
1100212
100003012
301100011
11011003
201020002
301111
301201
102103
31110010
20003200
122000002
300110200
111300010
1122100
210001120
23000002
3003010
41100010
110130010
21100300
13030000
201200011
110200030
200001220
201001021
23001100
110400010
4010002
100010320
20120101
120100111
121010101
100102111
21000400
20010040
210100300
201002011
301120
120102001
110112001
1202011
13001011
10010401
300220000
310021000
30013000
3011110
41101
100020004
10202011
10031011
