112100020
23000002
10201003
11110120
120022
410000020
200000011
20211100
10121020
2013010
20300020
13100011
100104010
220000
13010200
123100000
111001003
211000201
20400001
20101120
30102001
210002011
1231000
100100110
2100112
1301101
110202001
10101202
21201010
2100031
100301110
132010000
10213000
310111
401020
101004001
1002022
1131100
400001101
302010001
10300111
210011020
110021110
11001121
23001010
100101040
1040110
12000112
1002103
230000002
104000101
11101300
111020002
100003120
10110112
2120200
100120
111101110
210003100
120000022
103100020
200100301
2010130
1010122
1114000
311101000
301100002
100411000
200001211
41000110
111112000
210111010
40100110
13102
22002100
110002201
1014001
11104000
201011200
120101011
13
202120
111110020
101320000
310200010
220010020
220001002
100201003
100021000
110131
203001010
300001003
22000111
12301000
100102210
10100311
100040200
111004
2110201
103030000
300002110
30102010
120000103
12201100
100014100
140000002
120012010
3201100
3010201
311200000
22100011
10041100
411100
1401010
200120002
331000
100011010
100003210
100101004
300001030
111110200
210001111
101000041
210100201
10310002
1001203
100000132
210100300
204001000
112010110
120010120
30003010
11201011
111120001
20101021
11012020
102100102
401002000
1022200
1003300
33000010
1110100
223000
202300
3120001
13000003
10122100
11100103
310000
100110112
103210
12000100
10300021
401000020
14200000
110140000
11120002
10103002
1100041
12000130
10001221
11001040
23011000
40001101
10002121
210101110
41001010
12310
1024
10000000
110030020
2112100
1312
1001101
101001022
120301
1200121
200201110
121000300
200201002
2300002
102011200
200021011
10010041
200003110
110100400
410020
21100201
3100102
212110000
202012000
210030010
110011
1010041
10021
100001203
400001002
300010210
1003030
20140000
130010101
110120002
200020102
41000002
101011120
20000302
11210020
21011101
200110300
101003011
110002003
111000202
20111002
11400010
21121
21200002
3110200
100001302
10231
2410000
201101020
20001013
120000301
110100001
12004000
211100011
101010100
20111200
102000040
200013001
200010004
30400
4001002
120100120
200003200
1300300
4120000
110102011
4010011
40110001
2101120
211030000
30021010
302101
10030102
200020300
101110210
31030
100001101
11002
320101000
200001121
22111000
1000300
120010210
1201003
2000212
3103
12102001
1210201
11113000
11200300
2000302
1020211
12000310
310012
201011110
211110010
111201010
10001113
100111021
412
10021102
200000401
110011030
11011210
3004000
102001030
2000122
131001001
20112001
2200012
111020101
11000020
21020002
300100
1021
22020100
10200010
1230100
300040000
100141000
100000114
121100110
210000202
201000004
21021100
201040
1203100
1000321
20220001
310100200
202010101
10300000
100110103
103002001
1110013
10200040
300400000
200000023
221002000
131000200
120031000
110100301
301003000
102010003
230100010
10401010
14110
100020001
11110210
23011
121101001
12001210
300101200
40001110
31000111
400300
120100
201004
400000120
1000000
110012110
121011001
10120210
200212
402001000
312000010
220100011
2140000
11111110
121200010
1021003
200101210
200310001
13011010
12030010
12010201
112102000
120112000
220011001
2002120
201111001
20101300
220000201
100101400
40300
102013
200001031
20010022
120100300
11200000
102220
201100021
24100
301120
10112002
401101000
311000101
11100400
1101103
3200110
102001201
11104
22010200
320000002
111100111
221000020
30110020
1211020
101102200
100110004
11110111
10303000
112300
100101031
12011011
100131100
12011101
400000030
222010000
101011201
30000031
102010021
10010200
211021
211102000
112030000
22102000
210001
10011220
202001110
111310000
110200111
30013000
22210
100112011
20101210
111022000
11021110
1012030
230020
10001212
4000012
10200103
20010010
113000101
10011400
202200100
121300
100001311
22000021
1101022
310100002
300120001
10120030
100103002
2021110
100110031
2400100
10000240
210020200
302001001
330001
100001122
21101020
2010112
10003201
20001004
100240000
21202
110020102
200104
110300110
120001201
1213000
100114
3110020
3101020
3000010
21000010
10022020
20010112
11001004
300022000
100000141
200000104
140000110
13100200
421
10002010
20021101
200302000
231000100
110300011
100020202
110010013
11022001
102011110
110400010
100201030
11101012
212200
31003
300201010
11300011
10401100
10120021
11102002
10100023
100011040
13210
12022000
2012020
10110022
10002031
300010030
11140000
11011000
100213000
3000001
20100301
1011022
4011001
401011000
200111110
312000100
110113000
211010200
1012300
30211
200122000
200002030
110000140
30300100
121210
1013110
100102201
200000032
213001000
111000211
220010002
201013
40010002
301011001
12210100
40000102
10014001
400000003
203000011
200031100
11002030
20003110
10104100
2300011
110101300
301101001
3031
10110121
10012102
12121000
10100104
3011020
1011310
12103
11010121
210004
1022011
112000030
1300000
310000021
123001000
222100
101100103
24000001
12120100
202000021
202100020
203010001
1010320
200001202
40000012
11021002
300002002
2301100
1201012
10200301
310000030
212200000
400021000
1011130
30101101
200211001
3001111
400012000
122100100
114010000
104001010
201001102
20010100
100010020
313
11041000
10031110
210003010
30001102
43000
102010
21112
1002130
103102
42001
4000210
401110000
200112100
200004100
1030111
200100022
1220101
220003
10320100
200110000
300110200
31201000
12000103
40002001
103210000
12400000
13000111
111000004
102201100
1121200
2110021
210000013
200100121
31300
40200001
10010230
110001022
300002200
21130000
1100320
12000211
402001
201001
201101110
120002101
2111101
121000021
12012001
1311001
10002001
200301010
400002010
41000101
113100001
101121010
202002100
3310
11221000
100201300
101120200
2022100
12012010
22000012
1021012
110401000
11020111
21200110
12020101
2200102
211000003
100003012
10200202
101001004
10030210
110010121
401010100
200000014
30020011
200120110
10103110
10102300
2001211
13001002
130003000
40111000
311010001
10111111
120010102
30001021
4110100
20010001
201121000
11200030
111102100
100100032
1010140
301300
20013001
1210021
202021
102002020
301210000
103001110
320100010
202110010
120000130
100400002
3112000
2000230
101010031
100300120
10230010
11021020
401020000
30201010
11100121
111112
1003
340
102100201
110002102
10114000
11111200
101111200
301001200
111000121
100400011
1300
130102
102200101
200102020
200020210
1110022
310120
40010101
110010310
301000000
400101001
110212000
101014000
111040
201010030
200102011
21001030
1200400
310001110
401200000
104000020
103110010
2030011
2000104
100010101
411000001
110103100
4010002
2011003
102020002
100011031
210112
10120012
200200111
212000020
113011000
100101130
11010010
410000011
402000001
102111100
1311100
120121000
110100121
200010031
10111003
101000320
3020200
101020102
101013010
30200011
100111000
212101000
14002000
210200002
111001300
10030300
110000203
20002030
3001030
1420
20201011
10004020
130000201
2300020
10111012
130011100
11011111
111101101
11010130
20021110
2211010
400003000
100011211
20110111
103021
22021
101200000
201002110
200400001
110140
100032001
1000102
2301001
231001
130000300
41011000
400111
100100020
3001012
110230
4210
310201000
200020003
112100002
110200000
101012200
13100020
10130020
10141000
30010000
100012030
23100010
2022001
400030000
121011100
120300100
110212
13001101
10311010
10010203
320002000
310000003
400020100
202020100
3103000
400
21001000
10010122
1003012
120001
221020
42000010
10110310
1011202
302100010
12011110
201200011
200300020
300030100
102002200
310201
10131001
110030200
22110010
20010220
200212000
212100001
20022100
101011
2003020
201021001
30121
23200000
130101001
10101121
11110021
32000101
100000402
2020201
320000101
110012200
10012210
120110110
200110201
202210
100000021
1301002
1101202
20010031
2140
1300111
210000022
131010001
10400101
100113100
4021000
220300
40021000
10301101
1200013
2010211
230000020
10003030
101001220
40100011
130010200
101100031
103001011
20104
10112101
102200020
3130000
100011202
240001
200041000
101300002
20003200
102022000
21010210
110010220
20310001
202210000
1202011
1030120
200011210
200002111
202010002
200120020
2111011
412000
1131001
110120200
2023000
220030
211101100
112101010
11003110
1000303
21110200
130010002
2110120
300130
22010002
10000201
11021011
400100002
30110011
101201011
10100011
102011020
100004200
22001011
110013010
1211002
101110030
200000002
132100000
140101000
310010101
410010001
201102010
100103011
200210020
101120101
2001001
200020000
102103000
11011102
111001102
31110100
300100102
110221
2001004
300200101
200131000
20001040
2030200
100201021
131020
20220010
20221
201100030
12103000
101020000
10033000
13100002
1100221
2011102
1231
2020
101021002
200101300
200003002
213010000
100212100
110130010
1103011
3110101
1040011
10033
111031
120100201
110020111
132001000
1100140
112021
11310010
100202002
101200003
11111101
1014100
20001010
120000001
3003010
100120210
121000210
31001200
113001001
11010112
202020010
201111100
110111200
101004010
101001040
1221100
100130110
1100110
102110011
220200010
403000
3300100
21100012
301000300
10111030
100132000
101221
100100311
104101
12101011
111100210
201110200
200011030
131000011
211000012
111000301
110000011
200201020
102001003
20210011
1200004
20040001
10140001
200000110
11301100
10300003
20401000
30020101
110101012
11140
110301001
102100300
210110011
11100013
12030001
101002003
103110100
11120110
2110
12120001
10030003
110101021
100141
1004020
10001002
102010300
200100400
110100013
100110301
12100
121021
400001110
100030030
221002
211000120
30111001
3000004
42010000
111004000
10130110
1201120
1000132
100300030
30301000
22200010
100101310
221011
21120010
1003021
101000122
200021101
21301
4012
10020010
300000004
112200100
110102020
200202001
110040001
1000120
10212100
111201001
100320100
120031
4011010
301030
12121
200002210
110221000
100310002
100200301
100221001
211000300
122100001
111010000
13120000
101003101
20002120
3211000
21012100
10021003
11010001
1020202
112012000
11002300
1021201
31
132001
112000300
101104000
110302
20210002
2010013
1102003
100100410
10312
11013010
10001302
1001020
101210020
100012003
30220
22002010
21010120
10001203
101001031
200011120
110000014
20003011
20000140
21103
111300001
101130001
100102030
2100121
211003
40111
22011001
1001014
400000000
200022100
311001001
130100002
120101101
100320010
100001011
111011101
103000012
220120
40021
101140
400010020
300200002
102110101
101122000
120000211
110211001
10110400
30004
1200001
131110000
300102100
2000032
200001001
20101102
21100000
110020000
11210002
10213
121001002
13002100
2010202
101000203
1000222
220000120
101130010
110110120
10100221
2011120
20002102
120010003
100211110
200030101
100011400
41200000
12100000
210300001
30001210
110010004
210031
300001000
3111100
111210010
202000102
3400
121000120
11301001
211003000
11302000
301001020
32020000
200020201
110302000
113002
10010212
101200120
2020021
201040000
110040100
11032000
11000113
3210100
3001300
100003021
11202001
302100100
211001020
201000100
110001121
112200010
42001000
12010102
10102021
400201
130111000
211012000
112110010
10003111
100040002
1011121
3100012
312001
100013011
300130000
140002000
211010101
101021200
20101030
11400001
102001300
12003001
20200120
111100003
100001110
11010400
30012010
20020003
200101120
20120020
10001401
43000000
111002110
21011110
120011011
2130001
4200010
10031020
103012
41100001
20200000
201100102
1101121
2011210
113011
100002202
410000101
200014000
11010100
2001112
21102001
1010011
400111000
200011000
310000120
120200011
103102000
200100031
3011101
40000210
104001001
20000104
200210011
120100102
10042000
100002031
200002120
300000202
210121000
110010103
20004010
100202110
102040
10113010
1101004
4120
300013000
200000131
200101102
102012100
3000220
100301011
12400
10003012
30100021
310021
2100130
100011100
210011101
4101100
4100200
110113
100110013
22020001
320001100
102100003
33000001
30201100
203001001
21000022
3100201
30100000
30121000
220012000
32020
12300100
112002010
31101001
30100210
310200001
110002030
11000122
120101200
1101400
100100320
1100302
20100103
302000200
310101001
10030000
101110102
11230
12301
1012
4000021
10020130
1200202
1020031
300301000
11410000
11200111
101020030
113001100
2101201
10012030
2000014
10201
101301001
1011031
10020031
23010010
110301010
30220000
12200101
321100
124000
101022010
1110301
40000000
100211101
100120300
3102010
101010310
213100
1132
32110000
40110100
3100030
200101012
12000202
21010012
301000030
300310000
200001103
11100112
102003001
10002211
110001031
210000112
100130200
200121001
1002112
21022
10102030
203011
12011200
10001230
12000031
110000032
40100101
300210010
110201101
100100401
3200011
100024000
31200010
20201200
10200400
10003210
10020202
10003102
32001001
120002020
10321000
3020011
2000311
100001320
130100020
200202100
102000301
1310011
100203010
20100040
10003021
1042
300000010
121000030
114000001
20011102
202002001
20311
20002
21002020
110020021
20200201
200100100
110110021
10001101
11110012
103000300
201012010
110023000
30101110
30200020
10400011
100010401
20011
203011000
200011201
111001120
20020000
100211200
3101002
313000
1031020
120011110
20011120
1110400
111100120
103020100
301201
22030
11121100
202010200
100110310
100023010
30301
100020031
20111110
20010103
101113
200131
10002100
102400000
32010100
113020
10201210
1302001
400210000
21020200
1120021
200200120
111002200
11001112
1000111
1220110
141010
100010011
100311001
300022
112201
101230
1002013
10021012
101001211
30011110
10001020
100202011
201020011
310000102
131100001
31010020
103101010
103101001
1010020
100001020
20102101
1301200
30201001
110010112
310002100
21112000
3010111
100010230
1110031
41020
10310110
201021010
4000
1012021
2200210
204001
20003002
101210200
11020
14010010
210022000
101101012
1010302
131101
33100000
110011111
211101001
110002210
31100020
200130001
1010002
21011020
14001001
10300201
400120
340000000
1030000
130012000
1101100
11101021
102130000
30111100
11200
20020
20021020
120013
20100022
230000200
1122100
201000010
3001210
210130
22
12000004
110021101
400201000
203110000
41110000
112201000
210202000
200101021
1121020
14000002
2220100
110110
14200
10230001
30100120
300101101
110110111
201003100
11130001
2003110
201400
31001101
201202
123010000
13111000
110200003
110001103
200021002
101122
100000201
212002000
201020101
210000001
20020030
21210100
200200210
10010110
31120000
112001101
110012002
1200301
200230000
200001112
1121101
10020112
2202010
302101000
11011201
101110
110100202
4010200
110020
2311
10012000
20021002
1120012
22000003
100012120
100001032
10012300
22000000
111110101
210002002
200100103
103010110
1000330
100040101
100021210
100030201
2002201
14000020
201000031
30110110
121010200
1000402
402010000
210120100
1000030
1111201
1102030
3004
21201001
211201000
311000200
400100101
120011200
4210000
212110
11002201
131000110
3010102
401011
101000410
103001101
310030
321010
301
112002100
20210101
10100002
100001212
21000400
1132000
100220200
410011
101010040
100102012
110040010
113000200
111111010
12010030
11010211
103003
1010113
11023000
20230000
4201
300021010
111011110
1021102
100301020
300013
301110010
14101000
1111300
3002101
1204
11040010
220200001
130000003
140010100
3220000
210010120
1001140
1000141
20410000
2001040
43
32100100
120210010
11004001
21100111
30101011
100110211
2221
10010011
33010000
1410100
11121010
1130002
200100004
10122010
10030021
301010020
121000000
1130110
110002
111301
401100100
210012010
102210010
10100113
1030201
4001200
110000311
23000020
120021010
102120001
101010010
42000100
12003010
411010000
211120000
121003000
21012010
20011012
212100100
101111011
101030011
110001400
30200200
101110120
103012000
2002021
310120000
122000011
20000401
100401010
100001041
20022001
23110000
2112010
102021010
102001210
13200100
130000030
1011100
110011120
220110010
20000311
104010010
2001220
210110020
10110001
12001
104100001
100010221
20100130
12002011
214000000
110210011
210120001
1112011
100101001
22011010
12011020
1001302
100101121
10100032
30100003
30000103
200120101
100111210
113101
200012002
130
303000100
103120000
11002000
101120110
203001100
14000101
101000002
200100130
120100000
31010110
10100401
10132
32000110
120200200
10120003
2040010
230010001
100321000
1101010
20131
200140000
40120000
21200011
101010013
200010022
100010041
1111
110220010
102301
103000210
110320
110011012
1301020
100012
100012210
401001001
201010102
1140001
103
4101001
10201021
310101100
300010102
21120100
120000121
200230
100212001
100011004
1200040
10210012
210020110
101102101
331
21102100
100014010
330100
20200
112001200
110010022
200122
210211000
300020002
204000010
101401000
21310000
1010104
301003
100002103
100021021
2010010
2002102
221010100
310200100
11131000
20110003
120022000
20011111
20000002
12010
200300101
200010103
31110001
2210002
10111201
1021030
311200
100030021
100003102
2102101
210220
230010100
122020000
11110003
201301000
110041000
10011100
23020
111100102
300100111
100030000
220101100
201022000
11030020
1000033
120001021
2101300
102020101
22102
21031
301100200
110001310
2210200
10000
122110
4000003
10003000
110000110
31011010
20300011
10022110
101201110
101001100
110002000
101000221
100030210
41000011
24100000
120120100
20000113
1103002
1102120
200221
10000312
10001200
300003100
122011000
101041000
211020010
1140010
101320
11011021
22300000
201020002
101001130
11000302
30011011
20031010
13110010
201110101
3010003
20103001
102021001
321001
20001202
210100000
201000220
214000
1220200
23200
20110102
20010202
12200020
11103100
102020011
111010
12100012
100203100
40001002
104001100
21202000
11130010
201102001
1020400
1200130
312000001
141010000
101212000
2011000
2011030
103001002
1020130
10002040
230002000
200000302
22100002
11203000
120102100
201210010
300110020
221100010
100021111
40000120
13000012
410001010
111101020
110101
2100310
101120011
1024000
11031001
102100111
110010130
310001101
20212000
112000012
40010110
114100000
201031000
11010103
30000022
1204000
100200040
20100004
2100040
102110020
201000022
30111010
30010102
100002400
100001104
310
10012111
211012
21000121
22000300
111010300
130100110
22200100
200040010
112003
101010121
200032000
32001010
100401100
21000040
101200201
300011200
110003101
201000310
102020110
2120020
11221
10000321
121000111
130110001
31120
10011301
1020001
301120000
10103101
102012010
12220
1011040
10110031
1002100
102000031
1001032
10020121
2200021
301000120
101000140
30000100
10103011
1320100
12020200
1020004
101101000
10211011
11130100
100102111
10020100
10201120
10032010
110110000
11320000
211001002
101010211
101000110
110201002
400010011
300101011
10002220
20041000
322
10010311
100022011
100031110
200001130
142000000
41010100
30002200
11210101
11102200
112001020
20100211
1301011
101002102
103003000
11300110
31101010
100101103
2102011
2012011
1202101
301000111
300001102
202110001
120011002
12000001
10203010
120121
110004100
210010102
120020101
200201101
310003
13030
1011001
111011020
11000104
132000001
3003001
101010202
33100
2130100
202120000
220100200
102121000
111111001
120111010
120000013
102210100
1012201
111031000
102100120
420000001
201110011
110101201
103010011
1221010
100301101
40020010
11001031
10010140
400010002
131000020
110410000
12110101
20101003
300031
3040
11200102
401000101
101100010
23101
20100112
11200021
1031011
22011100
321000100
310010200
300010
300000112
102120100
11110102
200100040
1
31000012
301110100
101200030
110001013
1101211
3040000
1110220
20401
10020310
12112
211100200
110003020
30300001
20000020
1210111
1401100
104011
23010001
21002101
20001301
140000020
12111010
102111010
110111002
202001101
1020112
420001000
11301010
1230010
2000320
10300
100200001
101041
1001230
102211
200200030
200010211
110311000
101400001
100040011
100110040
22111
220
31001002
201022
31000003
310020100
403
1200310
10012
311020000
31100002
20000410
200220010
100012300
100020310
101002021
110000221
13101100
1020103
12040
101200102
10220110
240000001
112100200
410010010
101003002
110110102
3220
40210
130000000
111211000
102220000
30030001
10102003
1012000
230200
230010010
11100301
2310010
220010011
20001103
13003
32011
13000030
101002030
1103101
101002
1300210
200221000
101000401
123000100
130001200
200001004
110002021
2002012
310020001
210000103
211300
2001121
100121101
30001
110012101
110031100
21111010
112210
10100230
300301
20122
10311001
230020000
12100030
11002210
210001012
10
102022
124000000
131001100
110003011
101102020
40010020
2013001
2200120
330000001
302001010
130110010
30001120
101020201
2201002
2100400
2002300
320000011
12110020
111020110
111010120
21040000
103111
3010300
30022
20200210
210310
102031
101010220
100031002
301010110
210101002
101310001
11200201
11031100
210001120
20030011
11201020
10040011
11010022
1003201
210110110
302010010
101030200
11004010
13102000
32110
41101
20012002
210010000
3011110
2031100
2030020
104002
4
10004101
400100110
20001400
1101013
100011013
14002
110004001
1001023
3202
203010100
200401000
111210100
201000001
100103020
410101
103120
11010310
200030110
110110003
111001030
101020003
11003101
100212010
100022110
21001
400002001
12130000
11030011
101003200
40102000
21220000
220000012
201100003
104200000
120001003
111110011
121002100
10220020
100210
12013
31200100
203000200
102210001
101110201
102002002
1011010
101110012
302200
20020102
220300000
22000030
111010030
11031010
10100122
111010201
101102002
100031101
21013
111003100
11000221
120210100
1122010
100010131
1002202
200030002
30310000
340000
210100
2203
101111020
120020020
100120120
200010010
214
10200130
311001010
41001100
1100203
12001201
11220010
1003120
110031010
100010311
302020
200002012
10001041
221000110
130000120
3001021
1042000
203200
101020
31002010
201011020
211000021
3101110
32010010
112001011
300300001
410001001
110020300
201002200
210000010
3010030
2310100
120201001
21021001
400012
10210120
312001000
221100100
120100111
21110110
300021001
120100021
110010010
213100000
110111110
201003001
3031000
10104001
201120100
101000032
20011300
20020300
210210010
421000
1222
10410010
311001100
104011000
11211001
1131010
110100022
100301002
100101301
240000100
240000010
121201000
120200101
100123000
202001002
20110021
100003003
101023000
110001040
1220020
410002
200011021
100010023
140011000
110003200
101001121
1141
202010110
20010400
22001101
10110010
101111110
300020011
221020000
100130002
101012011
20230
12000040
2003200
102002101
2121010
200110021
20102002
101200210
10020022
400001011
120400000
10101130
220111
200200021
4002010
10032100
20012101
201102100
201010210
1100101
20410
1200112
10011202
3010012
400001200
200011003
220210000
4010101
140001100
120003001
10101310
3012010
10000204
300100003
321000010
101220100
2032000
101021101
300012001
200010040
1022101
140000011
10112110
110210110
100032100
112030
100131001
21000112
320010100
220010200
12210001
110100211
211001011
31010002
111210001
10130011
110101120
101021011
112102
300001021
31020100
100211020
110102101
10141
100300021
41011
12300010
120310
10021021
40011100
201001300
31101100
10120300
203010010
103200100
21102010
300300100
130001011
102000022
2103001
10302001
1200022
10302010
12040000
111000100
32011000
20011201
10240
24000100
121001101
212011000
101012110
10003003
100310110
13020100
2112001
220102
120001120
1104010
311002000
300011110
20000200
1002001
200002102
111130000
13001110
11111002
21200200
2200003
110101102
103011001
31000210
130300000
100201111
101100022
10114
2010301
2001202
230000011
31111000
12202000
11101201
3001000
2030110
1001041
112210000
110300101
11101030
201000211
121021000
30022000
22010020
1004011
313000000
21013000
120002110
101210002
1123000
21011200
10300120
122110000
222001000
30100300
10101220
10101001
203000101
22030000
101020111
102301000
132100
12010120
2110030
20000011
1104100
2001013
100102102
101212
21001210
20020120
102110110
210000100
11001211
200020
31000021
2310001
2012110
211110100
401000110
112011100
122010100
110110300
111002101
111103
1010212
20220100
20201002
10002103
30021001
220000003
110101030
110001100
111100201
100210120
100020301
1031101
40000003
204000100
30001300
1110040
411001000
22003000
111300010
203110
110002120
210201001
100001230
1012012
130012
231010
101000023
130020010
120020002
3310000
10201000
201100201
110100103
113200000
220100002
13011100
20000110
101100220
201100
111103000
210100030
300000031
122000101
10103020
11100040
203101
3200020
102002011
100022002
11041
110310001
100140001
201310
300012100
31000030
1111003
1021210
130201
100330000
220010101
1011220
100010014
101202001
111200002
110300200
120102010
100100023
3000301
10110004
10200220
11000401
110000023
30010111
32100010
212000002
121101100
100121200
2131000
102121
10011121
20031001
111100300
11000212
31012000
1111120
300220
100001002
200023000
10100101
100140010
312100
21210010
130210
201001111
30103000
210120010
11102101
21004
200320000
202010020
110300002
11111011
210000211
20023
1041001
410011000
210103000
101100100
2020030
13000021
301010101
102011101
11410
300103
1300201
1021021
21201100
100420
410010100
300220000
2110111
120000100
103101100
100131010
300100201
300001300
121000
100010410
100200310
40012000
10301011
131020000
21100003
20201110
1103110
121003
11023
10310011
4003000
32101000
30010021
13010101
100030300
103100110
11201002
102000211
202000201
102120010
132010
42100000
311110
230100001
100111300
200000113
111030010
131100010
200004001
21000103
10031011
310101010
11212000
1400020
10100302
102101200
12202
300002011
202201000
111110110
1111012
220100020
201200002
3000013
12300001
10203001
200100112
11100022
300001
100000024
1000411
100110400
221101
3010
10120201
1004002
1212001
200112010
112010200
11101000
110104000
30001201
2000023
200110012
12022
220101010
101131000
2410
110220001
2200000
100210201
131002
20100400
203000110
200211100
300020020
200001013
140110000
1311010
100020004
11121001
1300021
121012
201210100
201010201
110011102
1001410
112012
10120
10002022
100321
204100000
30000004
231100
11401
400101010
210012100
210030001
3002011
20100013
21010000
100100041
300121
1004101
200000230
101030101
30003001
1310002
330010
110000230
203100100
10103200
11010040
1031002
122100010
110200300
201300001
11120020
100201120
10002004
102010000
201001003
11000203
20100031
10200031
1000204
20002012
111000310
230100100
10101400
100110121
34
10042
200001400
200000101
121001110
30400000
22000210
20101012
2031001
301100011
10300030
10131100
100100131
1302100
1210012
111220000
111200011
301000021
100121110
40120
12101002
200002003
10110103
100030111
14000200
202021000
201030010
113200
10201201
4200100
322000000
401100001
101112010
100010212
100122001
100002100
100023001
1030
121300000
210200110
101300200
31100200
1100212
40000
211210
24010
10410001
200101030
40201000
400003
11201200
11100130
103010101
310210
100000003
2401000
110011021
10102012
10000102
210021010
20000230
21000220
11200012
200410000
1300030
4012000
1001320
30100030
1121110
1111021
142
210010
211010110
110000104
100120003
2101030
10200100
1102102
310100011
200000320
11102110
111000010
40003
10002310
230200000
301102000
101230000
101000212
120000031
11013001
10101013
141100000
201010300
100033000
301200010
11012110
111102010
10210111
311011
31000
210102100
200400010
11201101
1110130
1101112
121030
304000
13000201
1000012
1122001
10411000
10210300
11210200
200130100
200102101
3020101
20103100
100231
11300101
201020110
120220000
101100001
21011002
11020021
320200000
140000200
111002020
110110201
100200031
101200012
321010000
310003000
410100100
101311000
3002020
1321
2100100
10000012
20130001
402000010
122001100
220021000
20011030
1202110
102030100
1110112
13002001
23001001
200200003
12010000
210020011
200112001
100000420
20210020
200002300
101021110
20010211
1100122
3021100
202020001
101012101
111001021
220101001
1113100
200100202
2003101
102130
21000001
102112000
1303000
110200030
120000202
200010013
201121
12111001
21120001
1320010
10110211
2104
3210010
2110012
10022011
1001311
300103000
101121100
101110003
200012110
30120100
102200110
2011021
123010
203000002
310002001
121020100
102102010
110104
201211
200200012
23002
400021
231001000
210031000
100201012
200401
10121011
411010
211100002
111200101
210010201
110000002
120001111
30002002
2122000
1004200
10000402
110011210
20030101
3000031
2120101
100031011
23100100
20120110
400000111
201012100
101400100
21210001
102004
410100010
303010000
110001211
100300
2020111
10040002
2001301
100003201
211000000
111100030
100003300
1004110
1100131
2002210
102010120
12003100
12002101
11020120
203101000
302002000
11122000
130210000
210100021
100010002
20113
10020220
13000300
1330000
100210030
101130100
213001
22001110
213000010
30004000
120003100
110103001
20020201
100021
303100000
110101000
11101120
303010
21003100
2020120
1022002
410000200
211300000
221001100
201000202
220000210
100120102
11010031
212010010
101120002
110101210
3110002
213010
112000120
1002211
2040001
200101000
200021200
100221010
100000102
13010002
21001003
12010210
10001131
20013010
211000030
12100300
14110000
211002001
10000114
100004011
100002301
120110101
30210100
122101
10010101
1030021
101113000
210201010
201003010
200202010
102030001
131200
31102
1111111
1020100
12000400
120100210
130030
101121001
100030102
110021011
310001020
12210010
1022110
2100004
10002301
101110111
301110001
20032000
10202110
3101011
2001100
100001014
200000212
103100200
20010004
100330
3010120
1011112
10123
13001020
11010202
22100101
30000301
10113100
3030100
202003
121002001
112100101
201011101
20300110
202000120
2000410
111220
3100
321000001
31300000
1201000
3010021
400110010
400010101
100311100
104002000
3001201
100000240
10202020
300004000
120001300
104110
310102
11010301
1011400
104100010
100231000
100021102
200020012
300000400
111201100
100140100
131110
4110001
102000400
100023100
100312
110010400
1001113
110000200
300102001
200100220
100002010
12002110
1300003
30102100
30010120
10102210
24000010
12001300
10023100
200012200
202100200
202001020
200020120
230002
110012020
131011000
211010020
110002300
220020010
11211010
101023
10040020
11000311
10211020
40001020
11012101
1000201
1012102
201010111
400020010
211000210
1102111
2020003
2010103
20100100
20010121
1033
220000000
210111100
310100101
114000100
30001111
10201300
122002
1110211
400102000
300020110
100000222
30000220
11210110
200201011
200130010
1114
13101001
10000213
400000210
41000200
20301010
1111102
3011011
41002000
10000300
31200001
110200210
30012001
200002021
430000000
100114000
101300020
1031110
23002000
100221100
10123000
300112
122000200
121210000
211001200
101010130
30200002
1010311
210103
102103
10004200
10000210
300101020
102000310
10120120
300000001
20112100
1112002
2101012
2012101
110010301
120202000
12100021
221200000
100003030
141001000
101103100
11100031
1240
100201000
200000203
231000001
12110110
1030003
30012100
20004100
300210001
10210201
100110130
310000300
400001020
300000013
111000400
1000003
10210030
1201111
3110110
2101
2010001
320011000
310011001
11001010
100100122
1100032
1112020
100004101
10300102
10032001
101101
201130000
113110000
202102000
110011000
200210200
100011310
11203
310110010
101001013
20302000
100120111
11110
12100210
112003000
212001010
101310100
140110
20021200
10104010
103200010
100002040
11001001
1003102
111102001
101100301
100021300
3301
400210
1102021
302000110
123000010
120110200
100130101
3010000
40030
100022020
10020301
200031010
200004010
11001310
10112011
102010012
201301
220003000
11300200
11112010
401110
110120011
100112200
21004000
201010120
201002101
110003002
220002010
3100000
21211
2100220
210200020
2210110
200110120
10100200
100012000
101203
112000210
400300000
113002000
30002020
2210101
130300
1300012
10311100
100030
200311
2202001
1010203
330010000
301101010
111200200
11003011
30000010
103100011
200103001
201030100
300201001
121000102
204000001
111012010
11101111
10014100
102000100
12012100
10220002
11030200
10211200
1010410
2201200
111200110
101030110
2011201
10021000
2102110
101011012
303100
121001011
300100300
203200000
200102110
10120000
21310
22020010
24001
220120000
1003003
130020100
102030010
212011
2100022
3100021
220000030
1222000
101211010
2020000
100012201
2100211
10013011
112101100
102013000
100411
3301000
12010012
100004110
211110001
1120003
1010014
100000312
110012011
200022010
110201110
101101030
121010110
21301000
12200002
3002110
2000101
21100
100011103
31011001
1032010
101301010
11000230
110210101
201100120
2001010
21000211
10030111
110020030
201201001
210040
300112000
112100011
10400200
2010100
112020001
104101000
103001200
200010301
101104
2022010
100132
21400000
11000320
220001020
1400101
121201
40200010
230001100
121200001
121002010
2110210
123001
101221000
1120111
11100100
2000110
200040001
11310001
302110000
211000111
213000100
210110101
111100012
240100
100022200
112021000
40100002
10211110
201100210
103000201
11302
10030
204010000
104000002
12010111
20012110
1212010
201100012
4010020
120120001
3120010
3100120
10030030
20011003
102111001
2101210
13020010
1002040
30100
300001210
112110100
211200001
30002011
1101040
102002110
102000013
1200100
30210010
20030110
121020010
10021120
140000101
301000
1411
3111010
120103000
102040000
310010011
101011210
20030002
11202100
200121010
21000301
120102001
2100001
1210120
401000011
200140
12201001
1200220
201000040
100100302
3101101
102000103
20212
10024000
40000300
11001100
101010001
231100000
302000020
300102010
121102000
10240000
10121110
11101102
22010110
10300210
2311000
100400110
100200010
304000000
22100110
100100113
4030
21100021
120000040
11010220
22100020
30000013
103020001
1110121
100300210
101302
10011010
21000202
200203000
201000400
20112010
241000
100122010
200012101
121000201
21020011
320000200
202030000
120010300
111100021
2220001
1021000
100010140
32010001
20210110
13210000
101030020
100400020
110121010
3000211
120211
100301200
104110000
100211002
1100104
100410001
101112001
21020110
202111
400011100
301002100
110010100
30031000
3000040
102000202
110311
300040
41002
33010
101011111
111000220
100011112
13200010
101102110
201101200
101200
12000220
1002301
100002220
101011030
110001112
40201
112000201
10203100
12310000
20113000
3000400
21021010
1210102
132000100
140011
1001104
13000210
300200011
11101003
110210020
100402000
101102011
3121000
100013020
10320010
1000024
4102
220102000
201030001
103030
100003
1310110
100302010
211201
112
10202011
12112000
10330000
130010020
30002101
113100010
101100121
100202101
10200022
300120100
210001300
30000040
20101201
311011000
11030110
11001220
13200001
2100013
211100110
201310000
113000110
210102010
101002300
120101002
11102020
10021201
11020201
10110040
10201012
301020100
400010110
22110100
1111030
301020010
320101
120130000
11110000
30011101
10100020
13000
1001122
200000122
210201100
220020001
200110210
410110
30103
10101301
200010130
111300100
111130
200010310
1202002
21000031
211100020
300011011
211002010
100211011
1102300
101401
32002
110001004
12010300
2000140
1110202
2002
1002400
11220001
200111002
11110300
100311010
110014
30031
24001000
2102002
100104001
200001310
231000010
120100030
111030100
120030010
102200011
100100002
100020121
2041
121020001
310102000
210001003
1031200
110200
4002001
20200021
11000002
110202010
10201111
110100220
200010220
20320
10014010
20110012
330000100
122001010
30101020
13111
100230010
300310
31002001
12031
110120110
110020210
1022020
131000002
200210002
100010032
100201210
100102
111200020
201001201
101201101
100101220
3011002
222010
41200
302100001
14000011
11000101
2210011
11400100
312010
21111001
20201101
300000301
30200101
102200200
111211
2001130
232000
100021120
11010013
40012
300001120
13003000
32000200
100032010
22001200
110000212
122200
2000221
2120002
21101011
40020100
110022100
111003010
120011020
110200201
101001202
100041100
110100004
20102011
10301002
103011010
41101000
110014000
310001200
40101010
120010030
203100001
10130200
100013200
141001
21000100
220000111
220001011
1120300
1030210
200011300
101010400
14100100
110210200
1010131
201010
1000
1230001
301201000
320100001
210002200
200200201
113010001
20201020
110013001
10004002
10000021
2110000
2113000
101002210
30030100
101110021
301012
10021111
300100000
13000000
4000030
101101102
10003
110011201
100102000
212001001
11022010
2020210
10020001
22100200
20320000
100121011
100113001
300202
122011
10301020
103011100
1200103
311000002
202111000
220000102
12200110
110100100
113110
2102020
100300003
10011103
21001120
210020020
110201011
10102000
100102003
102102100
103020010
111001
4000102
11012011
200200300
200010400
12101110
210020101
30010300
10400020
100220020
21101110
104010100
3300001
1023100
100001131
200211010
40002100
10010032
1002010
101002012
2001031
302020000
300003001
240001000
130021000
202200001
30120010
20010301
2020012
11020012
303001000
203002000
120111100
13300000
10111000
22012000
102100021
1100410
11100202
110032
40002010
102102001
122200000
210010300
10310101
102003100
400110100
400200010
212000101
13030000
20300200
1100014
2013100
2000401
320002
210400
110021002
3013000
1102201
1104001
200001100
212000011
111000103
10420000
2201011
2201101
111012001
10000123
20001022
210301
11020102
102010111
101000302
32000002
30010201
11120101
31000120
20400010
110001301
10011022
101000104
10211101
2302000
202011001
1010230
2122
2014
11020210
120300001
130000102
30000001
12201010
200001301
22021000
21030010
10021030
400100200
200121100
210010003
101030002
11003020
100103110
22002001
10010302
10200211
101110000
1033000
1112200
40101001
400000300
113000002
201011011
200201200
210100012
302010100
1010101
100001401
320000020
110301100
201002011
10013101
201031
121100101
4111000
130010110
103000102
310000111
101011300
20000320
110100310
103000021
11032
13000102
3022000
2001400
1310101
10101031
1130020
1013011
10021210
11001202
220012
201013000
102000001
3112
110020012
1000231
120040
140010001
303000010
100122100
210110200
30000400
100100230
101220010
2302
140100100
230001001
322000
100302001
2020102
10101022
10020004
300210100
101011102
2203000
100000123
20100202
4020010
1020040
111022
201220000
100001410
1210003
110201020
121120
301111
301021
12101020
20020012
40100020
20200030
30202
21300100
13020001
11113
330000010
402100000
302000101
240010000
30001012
104100100
100020211
200310100
100200103
210400000
400110001
20003101
10101040
21001300
10001104
100022101
230101000
300202000
400000012
30211000
130001020
102020200
302011
201002002
101002120
20002210
212101
10013020
300111001
100000030
20110030
20003020
10312000
20041
12001102
10041001
30100102
2030002
200010121
111013
20012011
230001010
11001130
30000202
100110100
300100210
31001011
20310010
200010100
202100011
1000114
20000032
121111
111310
100010302
300101110
101000011
100033
3202000
1000420
13012
101012020
113101000
110032000
1030300
210001102
220002001
10400110
102011002
1102
300003010
211010011
101300011
103100101
103002100
100021201
203002
20103010
401001100
4001110
110101111
121110010
210100210
10111
12002002
23110
420000100
111012100
210002110
110011300
11020000
20040100
3030010
10012003
200030020
110320000
111000040
110000041
210003001
1400011
100300201
2010310
23000200
130200001
22200001
1111210
113010010
10220101
10002400
10000120
201103000
10001110
32001100
20012200
3001120
100031200
20101
210300100
210000121
20001100
120001012
10140100
10100131
13001200
111111100
210000031
21010111
30001030
302000002
300001201
12110200
2401
40010200
101101003
301000012
130010011
110120020
200103100
100010320
2000002
223000000
112000111
221000101
130001002
21200020
10101211
11103001
202
10320001
111020011
11013100
41100010
200100010
1040020
101010112
300200110
202100002
221200
10310020
10202200
10011004
2031010
100201102
100020040
21020101
1002004
31011100
202101010
21010030
102200002
10231000
1121011
1120120
210102001
200102002
1010110
112020010
21020020
311000110
103300
3101200
420100
100112002
21100210
221101000
114000010
213000001
10420
220111000
30010030
100020130
22201
40000201
10200004
101211100
4100110
11103010
120120010
1011013
211101010
111010003
10011130
11000131
121010002
10204000
100040020
112011001
121000012
11011012
20010013
300110110
200012011
33001
10041010
20010040
20301001
240010
111101011
10001140
130000012
100101013
202000
104200
2200
110112100
30300010
11131
10010002
14001100
20030020
2111002
101001010
110000302
320001001
3000121
101014
1200010
14020000
101001310
102010102
30040
1032001
210100003
202000003
222000001
130011001
110201200
10100320
100004002
30010012
210112000
10000003
12200200
22120
10001011
30200110
120200002
40011001
102201001
1001131
120004
12004
11210011
200002000
200001040
111021010
201012001
20040010
100303000
200003020
211020001
20000131
10110202
100200121
420100000
201111010
301010002
200300110
11000032
100120000
2101000
1200211
220210
310000201
1021300
100002130
1030012
10221010
300211000
210310000
101003020
320010001
12130
100020010
100020220
100111111
100130011
2010040
102300001
403000000
12220000
111001000
211002100
11002120
11000023
20002300
100220002
3102001
11201110
111400
4020100
3020110
100010110
100102021
12020020
100101100
3001102
232
23100001
100300300
123100
100113010
20130010
100011130
20000212
101100130
10100014
1113001
100013101
13001011
110200120
310300000
112300000
101202100
1201030
10303
100200130
100000231
102101101
400101100
400000102
301001101
210001201
130100200
10402000
2111200
3020002
402100
131011
102400
1201
311100010
130000
102004000
140020
10110220
10111021
300031000
210002020
200102200
200100001
310002010
10000303
100401001
10113001
10010221
1201102
1011004
212010100
23010100
101101120
12021001
10120102
120112
100001023
210020002
20101000
203100010
110130100
110110210
1013020
411001
3121
103000003
110111020
201001120
11000041
120010000
1211101
2021020
110122000
101013100
2111020
112002001
300101002
101101300
210030100
20121100
101210101
320200
40102
10212001
10013200
101111101
201000013
320010010
100041010
230110
10321
41010001
1300120
131000101
200021020
140002
100002022
10001122
401010001
31000000
40030000
11300002
1001221
20310100
10023010
20022010
2100202
201100000
200000410
111010210
10211002
10101112
100110010
21031000
111010012
110022001
2100301
301011100
210111001
11040100
20131000
4100002
1101310
101100310
110010031
110122
211111000
100000303
31210000
120020011
101101210
10100212
110203
121
201010000
111101200
20030200
130000021
102031000
20110
10020013
102202000
110103010
31111
210100102
421000000
111101002
101031010
111000031
30011020
2200300
300120010
200032
40200100
11010004
10200310
102101110
120310000
12002200
1320001
2300110
410200000
2221000
110001130
110004010
120001102
121200100
110120101
3011200
101220001
201130
302002
220030000
2121100
10212010
100100011
11040001
101001301
311010100
400100020
200030200
210011002
220011010
10410100
140200
201010003
32101
121001020
21010201
2400001
110310010
10220200
1001110
201000112
101000200
100222
2004010
2002111
12011002
121101010
211001101
10111120
11100010
2002003
20001031
100014001
201100111
301000210
101003110
1002220
100210300
1420000
1211011
31000201
1000240
10024
11211100
120021100
30001003
103021000
10302100
1023001
11300020
20104000
12200011
101100202
4001020
21002002
141000100
11030101
11000014
41100100
21110101
100100101
31201
10112020
101200021
4201000
12101200
201110110
2111110
210101101
10003300
101002111
100410010
100121002
400010200
200011111
400020001
141000010
10132000
3120100
21010102
411000100
300011002
12111100
211010002
1021120
1012111
1013101
301300000
220002100
100011220
122020
100000120
200000221
210004000
101101111
130002001
2040100
1310200
2021101
111040000
31110010
121110001
20311000
10201030
1110010
330100000
102100000
110121100
120040000
101012002
20140
130021
103000
100111003
200013100
32000011
120301000
120000010
20000014
100130020
42000001
210300010
120003010
100210111
2103010
210013
13021
302011000
201001012
1210000
200301001
100002004
10002112
11004100
121010101
100400200
1040200
1000042
200110111
111001201
31010101
100030012
220201000
31210
10001320
1020121
130001110
300000040
110020003
11001400
10000411
10100110
2011300
10021300
203000020
22101010
11002111
101000230
30101002
300400
203020
1203010
3100210
104000110
111021100
100310101
2010220
10022002
130030000
120004000
1220011
31020001
110203000
21110002
20011000
21400
21001111
2100010
120010
300030001
111001111
10112200
102000004
230011
222001
10030120
1400002
200000140
212000200
221000002
102021100
201000103
110000320
111000001
100000042
10020400
1030102
10030012
110310100
201101011
30110101
102101002
211
21300010
102012001
112100110
201101101
101000101
12010021
30112
100000111
321001000
101002000
30040000
113100100
200220100
121102
22010101
21022000
200000041
100101211
103010200
300010021
20202010
3022
411000010
300300010
100210000
10111102
1100200
3201010
2011111
1001011
100240
310110100
401100010
101011003
210000220
100204000
100100014
10220011
4110010
200111020
1003111
20002000
20000122
103201000
101202010
110100130
2001103
100020112
11002102
10000024
301101100
211200100
120010111
110220100
100110001
301030000
14001010
111202000
210002101
220020100
10110100
100013110
111202
110211100
120020110
11101210
100011001
10010320
203020000
102211000
2201110
3021010
3000112
2000011
100020400
31001110
101000113
1201300
10411
10330
410000110
300000121
212020000
100200112
4300
1402
310210000
201021100
400200100
220100110
30011200
100012111
2014000
10031002
300201100
104020000
210011200
101000311
23000101
1120000
100012102
11020003
110100040
100021003
10010113
120220
101300101
21002110
21030100
13110100
223
202201
20121001
121030000
20002003
103010002
201103
21001012
110121001
11001022
210202
411100000
201300100
102001111
101002201
1040002
301111000
311000020
40000111
310001011
20001130
2002000
2001310
12021010
10012012
10102201
12211000
21211000
301002010
3030001
142000
21130
102112
420000010
301100110
102310000
2211001
20100121
20001001
221010001
12211
21000013
2010022
320020
320020000
111100000
10101010
10102120
101040001
100120201
320011
100203001
10200112
100213
111030001
32002000
100120030
10102111
3200002
30013
14010001
100002121
11230000
211200010
11022100
301000201
30130000
100013002
101010301
4001101
200013010
310011010
21010003
20111020
30000112
3400000
13101010
200210110
1112101
210022
300010111
300000220
110001010
122010001
140010010
10003120
20202001
201002020
3000022
200101201
201202000
10111300
101031100
301000102
31100101
3100003
101100211
10000132
100102300
300100021
102000121
22000
14011
2023
2400010
110021020
200111200
12100111
11200003
30000211
100103200
100021030
13010110
110010040
100402
200113
230000110
103111000
300021100
201011002
211000102
23001100
100042000
13002010
10020211
10000042
100030003
301200001
111000112
1101130
1102000
21000310
330001000
301010011
30011002
11100220
101300110
110131000
10200121
100202200
14000110
10022200
201000301
21110011
120002002
11202010
101410
200011
100200022
11011
32100001
120210001
300000022
111110002
1100230
120400
101131
13010011
20211010
121100020
113001010
102010210
30130
110110012
1001401
100020022
401010010
101011000
10131010
103110001
100010113
42010
102310
300110002
11111020
1012210
100300102
102100012
202000300
40000030
20000203
200410
11212
112001002
11122
120101110
202010011
111301000
101000131
101013001
202030
100200202
10010401
110200021
130120
100000033
211011010
100210003
10101103
10011112
210211
20032
20400100
10010020
20001121
4020001
211001110
301100101
210200101
100400101
110130001
22101001
1411000
200010001
2101102
101140000
101101201
2010400
1220002
13120
3013
40
103100002
130111
10110130
101100040
100121020
200320
201100300
121110100
301002001
101100400
210100120
21012001
400011001
11110030
20120101
110112001
11001301
3000310
221001010
121010020
21040
100200004
100222000
222000010
22210000
102110002
201200101
120020200
141100
111021001
1200031
210000040
201120010
21300001
20010130
20002111
12001120
2201020
10010410
1000312
120202
240100000
122000020
21200101
100020100
10020103
1000210
220021
210010111
110112010
11000140
11120011
103010020
100220101
13201
311100001
210040000
30002110
4100020
12102010
400200001
31003000
11102011
200200102
14020
2212
202102
20001211
100101202
2121001
1003210
2120110
211011100
300001111
110030110
20200300
110102200
202000012
3000202
101001112
300100012
101020120
101010022
101032
310011100
221011000
11220100
100111
102000112
112000
11002021
130100101
200100211
13021000
110010202
1000021
103201
110011003
30020110
1212100
1221001
110401
101022001
1020013
104000011
112011010
2110300
104010001
201112
30010
4000120
10200013
412000000
310100020
300110011
201101002
30020020
22003
2012002
112001110
221000200
14100001
1013002
1110001
21001201
4003
100001221
210011110
210001021
33000100
120000220
100000
202001011
12001030
10110301
110010001
111010111
40101100
10121200
10102
400100011
11021200
110000131
11110201
311101
100042
301001011
201001210
20102110
120103
100101022
12100102
10122001
101040100
30030010
20002201
11020030
130120000
30020002
120000310
1130200
200110102
20120011
1002121
200003101
22101100
113010100
11000410
121011010
30003100
2021002
10030201
21100102
100003111
20000041
42100
2230
430
21000130
2130010
20004001
312100000
30100111
2211100
311020
222000100
102110200
110102110
20013100
200400100
201010012
210001210
20020111
10130002
101101021
2003002
200011012
200000311
101301100
122000110
112200001
4100101
3000103
200023
12030100
200010112
241000000
202300000
300010000
210021100
101203000
20110000
1210030
12002020
10011013
10110013
210210100
101100004
100000210
40011010
101200300
130011010
100100200
1100311
1120102
400011010
11000011
2104000
20102020
10013110
1011301
1020310
201110002
100300000
110300020
21110020
420001
4000300
2210020
1100020
100010203
100002310
10002202
410020000
1110103
100000321
120000112
102010201
102001012
22000201
100003000
10000111
210210001
12001111
22000120
10010023
300030010
101112100
120001210
10221100
101311
13000120
110002012
202000210
11320
3001
2102200
11021101
221000011
40100200
400000
101120020
1310020
10023001
300000103
300002020
111120100
202011010
212010001
1202200
100001113
201201010
33001000
101201200
1032100
13110001
122001001
210200200
101004100
4000201
10200001
140200000
30112000
2212000
101020210
200041
102100
102100210
20011021
220201
100123
220011100
310012000
20001310
1210
10010104
30120001
320001010
21100030
1400110
3200200
12000301
110031001
131101000
120013000
100312000
2000020
200020021
1001200
2200201
31021
310100110
112020100
12010003
11020300
10001410
3002002
100230100
13012000
12101101
10012201
1001002
10000420
121000003
20000221
1211110
10400002
31000102
230000101
30010210
303001
100002013
10204
20110201
2021011
120100012
210100111
303000001
22201000
202101100
2200111
110023
100320001
10012021
102000220
120100003
10011211
24010000
1211200
110102002
102300010
2021200
100200220
301102
200110003
40003000
131010010
220010110
20122000
1410010
211102
13010020
1201021
10011031
200003011
10210
124
20110210
10202101
10002130
200011102
311010010
201300010
101020300
100010122
20100010
10201102
100204
201112000
2110003
1141000
20111011
100110022
100230001
40000021
200301100
34000000
30101200
1111000
110101003
20301100
31002100
1102012
211011001
310001002
100111120
201220
11012002
1201210
1002310
210301000
101100112
2300200
100111012
300010012
30310
10010131
220001110
41000020
201001000
1110310
100201
200113000
31012
3130
20010310
2004001
22012
310021000
21121000
13100101
1013200
311002
100200400
10401001
400102
410101000
131002000
210200011
230101
12020011
1203001
110001202
300000100
10000141
121012000
1303
12120010
21010021
20102200
301011010
300200200
200021110
131200000
310110001
1410001
2202100
10040110
10210021
102001
302200000
111400000
110000020
1010023
10402
21003001
21001021
1020010
331000000
11003200
10210003
10100410
20211001
10031200
101001001
31030000
102010030
40210000
120110020
1120201
301210
232000000
211100101
30110200
112110001
101400010
1040101
21100120
231010000
14011000
12013000
110111101
120002200
3012100
1012120
100112101
310000000
121120000
4300000
120111001
3003100
32200
114010
3201001
410001100
201110020
300002101
100102120
10012120
110020201
301000003
100300111
200100310
2300101
200310010
410200
140101
100000300
11401000
2012200
300004
12001003
1302010
101032000
110030002
31010011
401101
420010000
301010200
32200000
101200111
1300102
20200102
201400000
101022100
201020200
10011001
100110202
202011100
211020100
1030030
310000210
210000310
130102000
10100140
12000121
20120002
20100220
1000123
300012010
21111100
11311000
121010011
2101003
13300
310111000
200101111
140020000
20000101
1140100
1103020
200203
300110101
211021000
1120
311000011
21103000
121001200
10202002
30210001
201211000
3020020
2002030
22010011
20100001
2011012
1401001
2001022
10022101
31100110
130001101
114100
102020020
100220011
201010021
12020110
101410000
212001100
301020001
132000010
1014010
211120
100002001
121100002
11001013
23000110
220200100
11100310
1101301
20023000
202101001
111121
21000004
1202020
211210000
20200003
430000
103001020
3010210
3211
210121
300010300
202100101
21010300
1101220
11100001
402010
1020220
320110000
200300200
111020200
4010110
114001
12020002
10001023
301200100
10300300
102001102
101040010
101031001
10001311
11011300
11000110
120200110
1240000
100111201
1100023
3102100
110010211
120201010
120001000
112101001
20221000
20300002
110100010
110100112
3000100
100200100
204100
302110
10040101
40110010
110030011
11011120
31102000
2230000
102300100
2120011
200031001
2010121
20020021
200120200
321100000
200300011
121111000
20110300
220110001
120010201
1402000
103002010
401200
10004011
200020030
112010101
111011002
100101112
1012003
11011003
11003002
111000022
130110100
20000023
1400200
1100002
12110011
1102210
2000041
41010010
1001212
300010003
140001010
13100110
204010
22300
1330
102100030
113000011
100303
102001000
202002010
3000130
1020022
100103101
34000
22001020
10121101
112000003
101001103
111003001
130002100
1103200
200012020
300010201
1041100
110041
100201201
212002
100
22110001
100111030
31000300
14010100
3100300
3300010
221110
101020021
101210110
100200013
200302
12100120
3100111
410110000
300010120
310010002
11011030
11000200
10000033
130200010
11200210
101110300
110001220
201001021
110000101
102001120
300211
4000111
102101011
12001000
21003010
20210200
2000200
221100001
1301110
201200020
301001002
110021200
1312000
211030
100220110
100310200
3210001
4001011
1002031
14101
401001010
11012200
30001000
20101111
20011210
1100011
310300
201000130
10222
100031020
10230100
220100101
201201100
100020103
100012021
100000204
11002012
20200012
300111100
100040110
4111
2131
31020010
10121002
401000200
103000111
10111210
200100013
20202100
221010010
30010003
120011101
1121002
1120210
20203
10221001
222100000
300200020
40300000
11014000
111001210
11100004
21101002
10001032
100310011
400120000
400002100
100112110
10222000
11112100
1120030
2030101
100011121
30100012
130000111
200030011
200210101
102003010
200014
2101021
10102102
100000213
210001000
210001030
101000020
120110002
20200111
120002011
200120011
200000200
310010020
20111101
100002211
133000000
130101010
1130011
2301010
10100203
210013000
201200200
111011011
310000012
30000130
110400001
100101010
110100031
102101020
2020300
2011
31001020
210130000
141000001
120300010
1041010
1010200
100000330
4000000
110110030
1011211
100100140
200220001
110030101
111120010
1100401
2004100
103000120
2103100
200111101
100001200
20302
10013002
202000000
113000020
210010210
120110011
133000
2113
1210210
230011000
200300002
220110100
110230000
201200110
23020000
100010104
112000000
111020020
10000030
30000310
10100041
100100104
12000022
111010021
10210210
131010100
21100300
110111011
210000301
120012100
22000102
2010031
410100001
4102000
4101010
110202100
101201020
3200101
212020
420010
40001011
120211000
101302000
10301110
111000013
1210300
1110004
21101101
3021001
12110002
130101100
120130
100112020
101010004
100202020
304
121100200
130200100
1321000
2110102
1000213
312010000
302001100
201004000
20001220
102201010
100012012
31021000
120101020
110210002
101011021
1010401
100011022
1011103
111002011
10000222
3002200
20121010
2010004
111000130
12001021
300100030
300011020
200000020
20014000
1113010
100210210
12000010
100024
110002111
3111001
112000021
1101031
112000102
320000110
120001030
101210011
100420000
211111
21220
2032
30100201
200103010
200111011
300020101
400000021
111013000
20300101
20001112
101211001
1100113
3110011
100010200
241
22001002
20120200
10301200
110003110
11002003
120000004
101103001
202001200
21030001
20020210
200040100
22120000
1021111
1213
12102100
221001001
11030002
111002002
210000004
201120001
11311
100011301
302000011
10004110
130002010
201210001
311110000
300111010
122101000
4100011
21101200
220000300
11001103
32000020
21011011
301100020
1112110
101010103
133
102202
11310100
30110002
30202000
120000400
102000130
110410
41001001
110200102
114001000
310010110
130201000
131100100
130020001
2320000
100041001
301021000
202110100
220000021
102001021
20014
110020120
11200120
10140010
310020010
110000113
23000011
120200020
11120200
100021012
12000013
10000231
140100001
100302100
200101
4002100
3012001
300000211
300000310
120030001
401002
200001022
10300012
1023010
300020200
10120111
11100211
100300012
100030120
410000002
200200000
212000110
1010221
1020301
301012000
112120000
202100110
12100003
111010102
101103010
2220010
221110000
311100100
400000201
31100011
12031000
10020040
100000000
100410100
401000002
200001010
1003000
10000330
202200010
20012020
4030000
123000001
20031100
2041000
100310020
320110
122010010
40010011
30020200
211000
2003011
2000131
100110220
200200
200022001
300121000
110000401
130100011
101310010
40020001
20110120
112111000
131001010
210000400
111001012
101100013
200010202
1101001
202000030
200101003
111100
13011001
110200012
110000122
10130101
100210102
10040200
301001110
122000002
112010020
100200211
20021011
202012
10010014
200311000
100000411
110013100
30021100
14100010
41110
110022010
310030000
101001400
110000410
1130101
110001001
200002
200001220
122002000
4011100
101111002
23101000
120201100
30000121
104020
100020013
20130100
200104000
120030100
2101111
1201201
2320
210101020
31010200
130000210
3001003
112111
1010032
11014
100000012
10101004
4021
121100011
111121000
220001200
130003
100104100
101021020
11101
140001001
10011040
200002201
200110030
100001140
112010011
210011011
210000130
101000014
102000010
21002011
12100201
11112001
112010002
210101011
21002200
103000000
201001030
2200030
10210102
100002112
103300000
300000130
113020000
140100010
110211010
300100120
100100203
102011011
202000111
300011101
200020111
201000121
20203000
220001101
400030
12001012
402000100
41020000
10210000
110400100
100100221
2000113
21010
10011310
40001200
230110000
104000200
210010030
111011200
210101200
13201000
101201002
4200001
10002013
202003000
12021100
201020020
200110
100004020
10031101
2100103
103000030
212100010
10101100
100100212
103200001
2000203
1123
20100310
10310200
10001014
20002021
320100100
210220000
100111102
410002000
300001012
210110002
112120
21001102
101020012
