4300003
1330003
300010
2302330
400033
3010300
310300
3001033
2002330
133000
3040330
2023330
3333010
33304
3230203
232030
304030
3300304
3400
1333003
2330302
400330
400303
130330
203032
2030320
3310300
3002200
303040
3331
3400300
400003
3023203
323302
3003232
3300040
3303130
1003333
3203230
3200230
233203
3022300
40003
4300030
3230032
200023
20233
3000433
4030033
2300002
2033200
3100030
2320033
32032
3033103
2030323
2003002
3030031
2300320
3302032
3002032
3002002
334003
303232
2300332
2200003
3322003
3304000
4333
330031
1330000
20203
3303220
3000223
33100
4033003
200320
43330
3301030
1300333
232003
310330
400
3400330
300304
2200333
2000002
3230020
3320023
323023
3403
2320003
430033
202330
3022330
304003
3033220
4030330
1300033
3332002
3301003
3031003
3203032
43033
3130300
3003100
333001
330034
3333100
33340
2330002
220000
3340030
3323020
340300
2233
3030223
330130
2302033
3320020
323320
3034300
3032032
332230
3003310
3003301
2032300
3200323
202000
340000
223
13003
3034003
1303300
23032
331033
301030
33400
3030004
330223
33130
33220
30130
3000013
3010
103033
3320002
33331
20200
20032
34303
3003130
2303230
3203320
3002332
1003
330100
3030340
33022
2302300
1003033
3343000
3023020
3002320
3300310
4300303
1333000
3220003
3202000
3020230
33040
10003
3003430
3433
3343
3030301
313003
300133
3303004
30031
4303300
2030002
130303
100030
3013030
3020020
303103
2303302
3022303
3300034
433000
232303
3013330
333301
2233030
310003
22030
20332
30322
3033001
230002
2230
3030322
3202030
323203
3301300
3302302
3031000
3030133
330340
30040
3403000
3133030
3202303
323002
3330040
3003010
3200203
3313300
3302002
30301
3403030
103030
33010
1303030
3300400
1000003
203230
3002023
303430
33232
33043
313033
331303
2003320
3103300
233002
230023
323200
313303
3000220
303100
300040
4033030
3400303
4030003
22003
3031030
2020333
13033
3302230
300310
303031
1300303
3040003
3001330
103
3003313
3313030
3004033
2023
30304
3301
320023
333220
1303330
1033030
3130330
3220330
3322300
3040300
1000333
2330203
3310000
13000
332203
3030130
3300010
3220000
223003
3040
2300032
203332
10
2203030
3230302
3200320
200230
300001
4000000
1003003
2000332
230020
100033
13303
2302030
3200020
3313000
320323
303301
3323002
3040303
23323
3430
3133
4000333
1003000
130030
3032203
302320
3033400
3020320
301300
333022
400030
30220
330043
303304
300004
433030
3040033
322300
2230033
3020302
3302200
33034
322
3000334
2300023
3303031
2302000
320233
30202
2303002
322033
330430
33133
2000020
3310330
3302203
3300133
3003322
4300000
3133300
230200
3310030
3300130
3300322
4300033
2330320
130300
203203
200002
3320320
4000303
1300300
33013
310
30334
200302
3043003
320002
2200
3003304
30001
4003303
2033020
3203002
430030
3001333
302230
2000302
3033010
303001
40330
3331003
4333000
2032303
2002300
3130303
232330
3013003
330232
1
3030001
3220030
100303
23233
1300
303004
4300330
130333
3330001
3304
2032033
3223
3033022
1000000
3002302
1303003
3103030
3203020
233302
10333
330202
1030300
40030
3334000
332200
333202
3003001
1033003
3300100
300043
3030034
3000304
1330030
1030330
2003020
343300
3332200
333100
3040000
30133
3001
4000
300220
1333030
2303203
2300323
2200033
3100333
220003
2023303
3200023
3200002
3302320
43
2203303
2033320
3000202
30043
330304
4030303
310030
3020023
302323
3130030
403033
3020233
331030
30400
3233020
331300
3330100
333400
30100
300313
2330230
2030203
1003030
233023
34300
32233
4300
333004
1030033
3202300
3203023
200020
322303
32332
1303303
223000
2032
3003040
2003233
3430030
220033
203002
3320203
3330010
200032
3331300
32320
300403
3130
2330023
2023030
103330
3322000
40303
32002
300322
333031
2030023
3032023
3001030
302200
34033
3030103
2003203
3034030
3033301
33001
301
3100303
31000
2203
300013
313
2020300
2003032
330133
330331
220300
4303
3303103
1033000
1000303
2002
2323003
304303
2030020
31303
300202
232
3330004
300034
1300000
3232300
3200332
3100003
202300
301033
3300223
3100
3034
304
3000001
30331
3232030
3100300
430303
233032
3002233
33202
3000322
2023000
2032330
2030332
2002030
202303
301303
3031
4000030
3202033
10000
343000
301330
32200
3330220
3030010
3330301
3300331
3320032
3020323
330220
30223
3232003
200200
330022
2323000
3313003
3043030
3030202
33301
302203
3303010
4030300
433003
200203
320230
320320
304000
33310
1000300
301333
3000310
3333001
4003033
2323030
2002003
3223000
3013000
323020
3004030
3303202
3202
3010033
3031033
3103
3000031
3000232
33322
2303023
2303032
133300
313300
333040
13
2003302
3220303
3103303
323032
320200
23002
2330020
230032
340033
333013
4
2303020
31030
320020
23023
1030000
2030302
1030003
3233200
3103033
34030
2032003
1030303
430003
3034000
303400
3003340
2233300
233320
3023302
303133
3030022
3130003
3200200
223030
43030
3004303
34000
1330330
3200032
220333
1303
3000331
334
3004300
2020330
403030
100333
3013300
3023032
20323
2300020
100330
2320
3003400
2230330
2020033
3304003
304033
3003133
30340
2020000
10330
4030
3303100
3030310
3000403
333103
3303310
303130
3313
3130000
220303
202003
3331000
2020
100
300301
223303
3010303
343030
22
303034
3403300
3133000
3103003
3030400
3000400
303310
2332030
3103330
233020
230332
3340003
3300013
3433000
3030232
2233003
2300200
2023003
3320302
1030
322030
33313
2320330
2200330
1003303
3020200
3020002
323230
3330013
3330031
4000033
2203300
2033023
400300
103300
3020203
3300340
3322
2333020
133303
100300
3032200
2302
3300430
3303022
3030043
1033033
3430300
430330
343003
3002323
3330103
30343
3033004
322330
40300
23332
20023
3003403
4003003
3403003
133330
310000
3302020
32230
3001303
4330003
2332000
3230230
200332
40033
3032320
1030333
1003330
100003
313000
203200
322003
3203200
403330
230230
332002
3000313
3043
400000
331330
133003
3302023
30013
3220033
232300
304300
340
3100033
3043000
3022003
1033
3130033
3033013
303010
2300302
3330400
330313
303043
2330200
1000033
3023230
320032
20020
330010
3013303
3003202
3033040
331
2002000
3400003
103003
3304300
3300220
3003034
2300233
3400030
4033
3430003
10300
3001003
3300001
300334
203323
22033
330040
2000200
403003
230320
300430
3300043
3023200
22303
302032
3300232
4003300
4000300
3023023
3002020
300232
4033300
4000330
2303320
130003
3003223
3000034
2200300
2300230
3200233
202333
3000040
340030
330322
30403
4000003
1033303
230302
332032
301003
303223
3033130
30034
2200000
2203330
1033330
2002303
3310033
31300
330103
300340
2323300
2300203
3220300
203023
3031303
34003
33004
3233002
3230002
3010330
3000340
300343
20230
3000043
2332003
2033002
2003023
233230
3010003
22300
1330300
332020
302002
3300103
30313
3303301
3004
3223030
3340300
334030
304330
3030430
300433
1303033
1030030
2003332
3020332
3303040
2302003
3043300
3040030
310303
320203
3000100
202
2333002
2230303
23020
20002
3000430
220
1033300
232000
3000130
31
3032302
330400
2203003
2020003
2003323
1000330
22330
13333
330013
230203
13030
334300
33223
3300313
303331
2233000
2302303
3032020
3301303
3031330
2200030
3223300
232033
230323
130033
320332
3000133
303403
3330022
3000004
310333
4330
1330303
2230003
223300
103333
3323200
3013033
3030403
403300
340330
3032230
4030030
1300003
3003013
3013
3334
2000230
3223003
3320200
302233
3000010
3330202
30232
40
133033
3320230
23302
3031300
3022
2002033
2000320
3010030
10303
330403
203233
313030
23203
32203
30103
300022
3030331
3200302
20302
31330
31033
31003
3030040
2023033
3400033
320302
3332020
3002230
3303001
4300300
2033230
1330
203320
23320
3004330
4030000
2330032
2030230
331000
302020
300400
233200
334000
2323
300100
2320000
3400000
3203203
13330
4003
330310
1300330
2000032
3202003
3032002
430
2033203
3230023
32323
43300
23200
3301033
332023
3000022
333310
310033
332320
3300403
303202
3310
1003300
403000
3020032
3001300
301000
3003022
34
2200303
403
30022
300130
1333
33103
30433
3004003
433
2230300
2032000
223330
103000
202033
43303
2023300
2030032
302332
303220
4330300
2230030
2002333
10030
3331030
3030304
4303003
2032030
3203302
23230
3300202
303013
30310
4303030
2020303
3330130
300223
30430
3000343
3010000
3023002
303022
3033031
2203033
43003
40333
32023
2332
133
100000
3022033
22000
331003
3330310
303322
3002203
3000103
3230320
430300
130000
220030
22333
3301330
3033310
30010
223033
303313
3300301
330004
300331
103303
203302
10033
3001000
32302
3303400
1000030
200233
40000
13300
3340
33031
2020030
430000
400333
133030
322000
3303013
3300031
330001
4033000
2303200
340003
1000
3003220
3003103
3100330
302302
3030100
33403
4330030
31333
300031
3430000
3340000
332302
3003043
30004
3003004
433300
220330
3301000
3033202
3030220
130
3103000
203020
4003000
1303000
2033302
2030200
3100000
3232000
3023320
3033100
3030013
2320303
1330033
230233
333130
2320030
2000023
3220
4003030
2030233
34330
3232
2332300
2033032
202030
3310303
343
2000323
3022030
2333200
3133003
403303
3322030
3022000
2003200
3230200
20320
33430
3300004
4003330
1300030
2000233
3202330
200323
4303000
3310003
3010333
300103
333010
303340
4330000
2320300
2203000
313330
3004000
32020
330301
1333300
2003230
2000203
340303
3000301
2230000
3304030
3003331
43000
302023
3300022
3030313
3003031
