3202
210031
21100
2032000
331000
1200310
2100010
1030030
2020210
230011
103021
3130000
4010002
12001
10021
1300012
22300
2001202
3040
33100
1000
103
120130
2020102
1300
1002010
202210
3002002
1000030
302002
2011000
40
201001
2113000
303001
2020012
3020011
1120000
1002100
131200
321001
22120
4210000
2100022
3010021
120040
20023
301210
3030100
4001020
2201200
1020010
3310000
22021
210001
201031
2002000
2102002
130
210301
300130
130201
31102
11302
301000
1200013
2001310
32110
1000303
200221
204100
230020
2102200
1200010
400
310210
30103
3010102
13102
20221
1231
1204
2003200
1000231
21004
10201
3000310
2200
3112
3000103
1012003
1010200
200131
241000
40021
1100200
100033
2200012
30100
30022
310030
3100102
13030
2010100
40003
310012
400030
3110002
1202200
1200031
2002
110320
230110
32101
3011002
30130
2010220
31120
2100310
1200301
300010
3012010
130021
101230
1102
2300200
130300
30010
3013
2220100
112300
222100
21130
43
2100031
1020130
10030
313
4102000
311200
22201
1030003
1400002
2100040
31
3010210
301120
102301
1030000
3020002
3110200
1100320
21022
3211
2101300
2010010
200110
200311
3200002
1300102
2000311
2001013
1130200
200200
33010
1020103
1312
1300300
300031
2013010
1021003
300022
34
220201
2203000
1003030
1321000
1130002
2200000
3100012
3310
420001
103012
3220
40012
2110000
2104000
1001200
200212
40201
10033
2001130
3001210
200113
110230
2221000
1200040
13003
1000102
1000420
1000312
104200
301201
2230000
2022010
2002210
3001
40210
12130
2014
2300002
2020003
1021000
1022002
31012
1230100
2200021
3012001
40102
103300
1031002
30013
100
1030210
1020022
4030
304
1301002
1100230
1022200
2031010
1001320
1002130
1203100
1202002
13300
2001400
3301
3022
2000104
322000
1102003
1032010
4003
3004000
1031200
103102
13201
4000102
2031100
223
120031
2000200
3000022
2300101
201013
1001230
403
2000011
2000014
3031000
1230001
34000
2022100
400012
2310001
2300110
1004002
1002001
3000040
1240000
231010
11203
1210300
1002031
31021
1302010
2003011
2101000
20401
3010003
2100400
2023
2001004
400300
12100
210103
102004
100210
11020
1100023
2000401
240010
212020
13
113002
2200300
2110003
40300
1030120
201004
1012
1302001
1020400
220210
201310
201040
4000012
31000
31030
201220
100231
300121
2410000
1200220
30040
123001
13000
101032
2104
3003010
2400001
30004
2130001
2001301
311002
30031
2203
1130020
1320010
300013
1020301
1000123
410002
12103
1220200
1201003
1020220
1001002
1003021
200104
32011
2400010
232000
2110300
2220010
1320100
3010012
4120
3030001
102013
100132
400000
120013
20041
300400
3004
200014
2013001
2000101
2020120
20140
4021
2011
3103000
1000033
1200103
200002
23101
2013100
1010320
401200
100204
133000
2010130
102040
2002003
1201030
3102001
120202
3013000
2003020
300100
3301000
3100030
102220
110020
100120
20302
2020
2002021
421000
2000131
410020
142000
202120
122002
130102
13120
1300003
4000201
220003
300301
1003300
3100
2003002
1103002
200230
10222
3000301
3000001
3000004
200020
4000120
3120010
202003
2410
10321
1010032
2004001
203110
201022
2131000
204010
10123
4100002
1100032
2010301
210100
3010120
1003
3000010
1231000
2310010
1202020
1021300
110200
120001
2311
4000003
3001003
2210020
3101020
10132
1301020
2103010
1032001
21103
2000230
1420000
1020202
220012
120103
30121
4001002
2210200
31003
240100
102202
10402
2100004
1013020
20020
1020013
1003003
3003001
3201010
211030
2000110
1000201
4003000
310000
200302
1042000
122020
2000020
10000
2041000
20032
212002
230101
10213
3400000
3001300
3100021
401002
230002
3102100
2201002
2300011
102010
421
124
30400
420100
211003
102400
2113
2101
1201000
20203
2001220
211300
20011
300220
132001
302101
21310
3112000
1200022
400102
12040
100330
1013200
1023010
140200
4020010
220000
2202010
2100100
320110
101023
42001
312001
203101
3002110
320101
214
130030
3011200
130120
2020000
1000300
201103
2041
213001
102022
21301
4012
2030020
202300
3200011
1001023
1024
1010302
1030
1002040
221200
2030002
301030
2103001
300001
12310
12010
12031
1420
2320000
2401000
40000
3020110
210400
41002
1213
4000021
2030011
2000410
213100
1330
2003110
1001032
1002022
3040000
2301001
1200100
2021020
1402
1000042
402001
222010
104002
1002310
3100003
2020300
320200
200032
112000
1123000
3201100
2001100
3002101
3102010
1002220
220021
3100201
10330
400210
132010
201100
14200
1210003
2210002
1203001
321010
210040
120004
41020
220
100021
22012
2110
1020040
1003102
22
103201
4200001
1230010
3120001
1040002
2031001
2010001
120022
1002202
42100
21001
101200
200023
1012000
1002400
1001203
3300010
32200
100123
4210
24010
20410
10042
2020030
331
402010
210220
2001010
231100
112030
121030
3200200
4010200
320002
2010004
10102
100213
200101
12013
1300000
2002300
1301200
300004
210004
104020
100000
330100
1010020
2010022
3300100
1310002
3001120
1004200
4000210
2120200
2102020
2011003
1001302
401020
2020021
210130
101320
300211
1300120
3010201
2002102
1000120
200122
203020
202
132100
220102
2003101
20014
400003
320020
3210001
20101
412
110302
210202
2002030
1103020
10003
1004020
310021
201400
102310
1300210
22000
20002
3001012
2100013
2001022
1000021
102031
1002004
11230
1042
3010000
4002010
1200130
2200201
4201000
1000330
1120030
2221
201301
20110
10312
3010030
1040020
1020004
110023
2310100
220120
102001
2012200
1330000
200320
312010
120010
211000
321100
210013
1400020
3400
430
140020
2001103
1003012
1000012
200011
2000203
2122000
3101200
301003
10204
201202
100240
1201
2140000
220030
130003
1030102
2014000
11320
21040
112
1003000
3100210
2032
22102
1010002
2230
1030201
2002201
240001
12202
100012
2302000
40030
1003201
121000
202102
2200030
4021000
3002020
2021002
1003120
2302
200041
211
1102030
1100020
1031020
30220
113200
213010
204001
100312
3202000
1030300
1203010
100003
100024
4102
2122
13021
10024
100201
31201
3121000
22030
30310
402100
300112
22210
1321
313000
3201001
3200110
1000204
2010040
2001031
121300
1021030
3130
131020
20131
1000240
210022
301102
21220
3200020
202030
1003210
1303
10012
241
2010400
1000321
412000
20104
23020
2010013
3001102
301
4100200
4200100
3300001
103003
121
1213000
30202
2000113
21013
2212000
2030110
41200
13210
222001
11200
310003
3100120
1
121003
1002013
202021
210310
100222
14020
330010
2202001
1100002
2001040
1222
1012300
3002011
130012
20122
110203
2130100
10303
410200
312100
1000213
3000112
214000
42010
4000030
1132000
1300201
2100301
12301
10231
231001
2023000
4012000
4002100
23200
101302
2000320
302200
3021100
20320
33001
4000
2002012
2000122
1310020
1220002
100303
2040010
12400
1210030
300202
2012002
2000221
3020020
100030
101002
100102
2130010
3011020
12220
3001201
310102
10120
1240
3020200
3120100
3101002
32020
11032
2212
3220000
130000
31300
100321
2000302
1022020
3021001
110032
2001001
21400
23011
4100020
2301010
2010202
201010
3211000
2010103
120220
1033
133
1102300
130210
210010
400201
400021
212200
1120
3000130
303010
2100220
400120
100042
2030200
223000
2311000
2110030
1030021
2000212
21010
403000
2201020
2100103
2100001
3002200
2021200
200401
11023
322
4020100
2040001
22003
1020001
2200102
1023100
10210
3003100
1200004
1030012
101020
4001200
1320001
123010
10240
3100000
1000210
310120
21202
3022000
1222000
1310200
2010310
1020031
102100
1123
202000
303100
2103100
1023001
32002
1002103
232
302011
310300
203002
2200120
200203
1312000
1100203
221002
320011
4000300
3210100
2101003
310
140002
1120300
301300
1100302
1012030
103120
102103
24100
14002
3000121
110002
1000000
330001
20230
1020310
103000
1201300
3020101
203011
420010
4000000
2220001
2012020
4300
120400
301012
4300000
2002120
10
4
103210
2120020
1200001
2011300
2020201
3121
1402000
1040200
20200
123100
220300
301021
10420
3000211
30112
1132
3010300
100300
300310
1000402
2004010
310201
4020001
2000032
1013002
30301
100420
1000003
1120003
2030101
101203
1010203
1000132
1002301
112003
120100
302110
2120002
302020
2011030
2022001
2100130
3200101
1001020
124000
2131
430000
304000
3012100
340
3001030
1400200
120301
12004
1300021
1000222
31210
2401
4002001
3000400
3000013
2101030
221020
12022
1210
3021010
2000041
23110
30211
4200010
230200
1102000
2202100
2010031
2004100
43000
1032100
113020
1033000
1000024
122200
131002
1302100
3010
11002
1303000
4010020
3001000
1210000
1010230
2320
102130
3000220
2000002
2040100
1020100
2200210
300103
23002
20311
13012
340000
2301100
10300
24001
3100300
3000202
1220020
4201
1024000
100402
3103
40120
21031
20212
2400100
3110020
3210010
1200202
1200400
2100202
120310
200140
4030000
2300020
3030010
3000100
202201
2200003
1204000
103030
30001
3000031
201130
1021
142
4120000
300040
3031
311020
1300030
203200
20113
1010023
3001021
2140
2000023
2000140
200410
1103200
202012
