2010002
2000201
1100
2210000
3000020
311000
1010
3001001
1100300
2001200
320
100001
21200
320000
2021
2020100
2000
2000120
1101002
10130
41
3000110
100220
200120
31010
21002
410
3000200
1211000
103010
102002
2100011
10202
10121
3002
200021
3110
1011020
2300000
1030001
2001020
2000102
110003
103001
100130
1011002
10100
1020110
2000111
400001
12200
100121
3200
301010
2001110
14
11201
1004000
1002002
1000001
212000
1121000
100010
2011100
1300100
2100200
1002020
1002110
20111
1030100
20
1001021
1100030
1000022
202010
1000013
4010
2102
101201
3000101
1120010
104000
101003
1020200
1003001
122000
100400
2003
310010
301001
1000112
3010010
1001030
2002010
1112000
1011200
110300
101030
1200110
3001010
130010
2300
1201010
2011001
2010110
30002
410000
1110020
1201001
1020101
101210
230
1100000
3000011
110030
1100120
200102
200012
201110
2111
3110000
2030
20012
102101
2120000
210110
1031000
2002001
2100101
10001
30200
1003100
30011
12110
10013
401
10211
3020000
4001000
400010
2110100
10400
111200
102011
2003000
203
220010
100310
10103
2120
1004
21011
4100000
2110001
20210
1220000
200
1101200
102020
1301
1000010
140
221
110012
1211
1000031
13010
2001101
20000
3010001
1000130
103100
21020
210011
12101
2
100202
120101
1310000
300020
110
211010
11012
3100100
2100020
1030010
1120100
41000
1010021
21110
1000400
1310
1031
21101
3101000
1001000
130001
1012100
1400
11021
1130000
300011
40010
30110
2010101
3200000
10031
101021
2030000
14000
11030
101
211100
1040000
1013000
3010100
1000202
32
11000
11210
200000
220100
1100210
20201
1001300
1000220
1000103
40001
4001
1003010
100004
122
20300
23
300110
1001012
311
112100
1000040
110102
110021
200003
2101010
1010201
1020011
104
2000030
310001
11300
22010
1202
111002
221000
1100201
1100003
1110200
220001
1200011
120002
1001210
1040
2012
300200
2000210
20102
131
211001
2200100
1020020
1002200
2002100
102200
1100012
32000
3101
101120
300002
210101
11102
101012
203000
2200010
2010200
113000
200210
2100110
10010
2100002
120200
100022
13100
113
11
100211
120011
1400000
3020
1110002
202001
1022
121100
110201
200030
2021000
13001
121001
4010000
1010003
11003
302
2010011
23000
1210010
1100021
1200020
2000003
1201100
1021010
1002101
2001011
2102000
2001002
1001120
1301000
1022000
201020
12002
1103
1001102
1000100
100031
1220
110210
1202000
20120
302000
31001
30101
2210
2000012
201200
100301
112010
3100001
1010000
1001003
1000301
1200101
121010
1103000
1300001
2111000
1001
2101100
1010120
1010102
11120
1121
1000310
101102
140000
202100
100100
300101
12020
3001100
10310
400100
210020
1300010
301100
1102100
2101001
200201
2011010
1010012
1200200
1000211
2012000
3011000
30020
1020002
2000021
22001
1200002
131000
1012001
10220
10040
3011
310100
100112
12011
4000100
3100010
101300
210200
1210100
1002011
110120
10112
1112
3002000
1120001
100040
1013
1000121
130100
120110
20003
22100
4000001
2010020
2110010
2200001
1000004
1102001
31100
1010030
201002
2000000
101000
230000
1100102
1010300
10004
2201
100103
1021001
2000300
10022
201101
3000002
120020
10301
4000010
40100
1010210
111020
2020010
2020001
401000
201011
1101020
210002
1210001
100013
112001
200111
2201000
1102010
102110
20021
4100
20030
110000
1012010
212
200300
1021100
1130
1001201
