4000000
1223200
3420010
142300
40204
302101
2031202
3103012
231301
204202
200014
12340
2001232
3240100
3230200
3023200
400204
4031200
2020222
2030041
1002022
2002303
2003302
2210203
1102003
2020
210040
203131
2002000
4001230
223030
2330101
1220023
1004302
241003
130132
2310031
1030231
3304
310123
301204
1400302
1303
232012
22222
22312
331
3232000
22030
3110302
1320301
1023010
43
100231
1130023
3301210
3430000
1230040
302020
2040400
301
10024
2041
123400
2020330
1003000
2201023
1030021
3002311
11020
3033100
4020103
2030020
4000120
313000
2102020
1032031
2020231
240103
101233
3301012
40000
132310
123004
3021031
2340100
330130
1230022
3013102
3010420
40120
21100
1120
4300201
2231200
3001231
130300
1033012
402004
4003300
4203100
1402003
3001012
2100430
3200020
2002033
1130032
1032100
2010034
232201
202321
100012
1013032
2004031
20242
1331002
2230102
220231
120034
200113
4020310
1031200
3221200
100432
3300112
3400030
3330010
340030
1012330
102013
1300030
3112030
130321
21010
1301020
2210320
1002034
3100201
21022
3034000
2100331
34003
1020232
1201303
43030
2212
1000030
310003
2301310
2302210
2021302
2001403
104200
2331010
3010102
321004
302110
3010033
1230031
132004
12130
2000011
420010
3011302
3021103
322210
1200313
1002301
243100
222010
3002122
3340000
2224
1000042
3201004
3020131
2314
242200
112300
132022
220033
1330012
103000
2031100
3100123
40321
433000
240022
3230002
1233100
230002
203032
300430
300340
44002
21304
4020031
2310400
3132100
3030400
1022023
4000033
2120203
1202230
22330
3000124
3220300
3120022
3202012
402400
130204
40123
13132
4002130
1301200
123100
3002002
3102100
240040
100204
3300040
1321030
2210023
41020
310330
2040130
3012130
332011
1222000
1001302
321001
4312000
20233
3001420
2130400
2300113
1000240
122032
301213
31120
1042003
33310
3200041
231010
201301
3010120
2242000
1120300
13303
402031
113302
200200
2400301
103021
200122
3022102
3220000
3000040
2032120
1023013
3003211
1000330
2100040
3322
220102
20431
4010302
2043100
3103102
222100
113320
231220
2140003
4120030
310102
10204
2012023
2000140
3401020
403210
4020022
100000
2341000
221320
3004201
3100303
1002430
122302
201022
321100
2300023
2400040
2031004
120130
110032
3010222
13012
2033101
1012003
2323
2001022
1000123
31012
4402
3031003
332020
2132200
2103013
2332
3130201
140020
202042
130033
301030
2022310
3010312
2014003
123301
100033
40033
1002202
3103210
3211
3010030
330010
2041030
33103
1330120
1020223
3132010
112033
201400
312301
3002212
32311
1203013
2024020
3102220
110020
204013
3320101
4200100
3000223
331000
2210020
2202301
40030
3010201
310420
22210
3002041
4320001
31003
202231
302311
3300301
1120030
202303
2103202
222310
4022200
2002030
2210002
1100020
402001
140302
3403000
3032002
11302
2310001
1420
1030024
2312002
340
3113002
103312
2001322
3121000
201313
2020003
2011000
3212200
123202
42202
2203102
300331
2043010
322300
2123002
2110330
1102030
2002003
2320102
2100202
2003131
120313
100243
4200004
103003
404200
231400
231001
100120
3001042
1100032
402130
2202130
201100
332200
1201030
43003
3120103
432010
3022300
1240300
2302021
22
130240
42031
3200302
301303
1003102
3140002
3130120
3101200
4004002
3000031
1323100
1004020
3204100
403012
201331
3000400
2400031
1102300
13123
30004
1303000
1203220
2302201
1000312
20230
240220
3000121
13330
100402
4100230
3020032
1132000
200023
2230
2031040
2010340
400
222220
11032
2034010
1013020
343
1000102
3201202
4200310
4032100
2003032
2401300
1313020
4321
3020020
1402000
230200
1102330
2301022
2014
302032
30430
1020313
1003231
231004
203011
3000430
1020310
32122
3200032
2134000
13
413020
10324
1213300
202300
100042
4120000
4200001
2130022
220321
2122000
1233001
1230001
31330
1032010
2001013
3100024
203023
1034020
3201103
130021
12001
3001303
202201
323002
2032300
4002301
310201
3032110
4010032
400003
302002
3021400
2311030
2040220
1020400
342010
1231
4021030
1320022
2202100
2101030
1000012
1210000
1302202
24202
11233
12043
4300120
2021032
2000113
1020043
320101
41230
34012
32212
2143
421000
4201030
220003
2033110
3130210
2200312
1020220
304201
4200400
103330
312022
3003112
2013040
1020001
3001030
300301
200020
1021030
1030420
110320
34021
2201020
2100400
2001103
3013
1003303
310030
1002100
123220
112030
42103
3300010
1022230
3100012
3320011
3020230
1202032
3201040
402010
3040300
3000130
1230004
2102002
1021300
1002310
402040
220420
3002011
3301030
300220
120400
44200
103120
300412
2301103
1130002
312130
1200430
140320
32401
1202203
302023
3203002
2210200
1040023
3222010
233110
210034
12004
1222030
2103130
234001
2310004
2042002
2013130
2130310
2002132
4032001
303031
2040040
213001
201130
14002
12232
303004
2010103
2001010
3022120
2301040
1200103
100021
321031
332002
2202010
2201002
1300012
2001100
400231
3003310
232300
301300
2100322
4010230
2000422
2000110
3131002
1123300
2113030
2220100
2040202
1010320
134200
313012
4100320
2000320
2000032
200323
2021023
2031013
3034
3100330
2220010
2301400
1031023
2002402
1010023
203101
3020122
3001402
4300000
3100240
122023
3200131
120403
24013
3000331
2004013
233101
1330030
100333
1023130
2031130
1302100
2200024
3100312
310240
2100220
1100302
3100120
20140
32203
220240
12220
21322
2131030
2040301
3002131
320002
303001
3202
322102
2400001
2110030
3200110
4103200
2004004
1001203
21331
4003003
1102033
1024300
2001130
240301
201340
103321
312100
10231
4002220
1200322
2000212
410230
3301102
1201
4010203
2103040
3201130
202132
3321001
30241
2130100
300031
32320
1340020
1302103
304120
320320
1302040
2002204
32140
3100000
4310200
1302301
3101302
230110
130312
3040021
3010021
400303
2022130
241000
24100
403120
3321010
2110033
200041
4300030
33202
3120010
12031
3001330
323200
1300132
132100
4213
313030
1000024
120031
302113
302011
4013200
13003
131320
310303
3010
2320000
303310
2100313
3410020
242020
100300
3012022
3300211
4030102
442000
4000222
1031302
3210400
130201
21301
4102030
1304200
1202020
1012030
4002013
2031031
2100310
1200340
320104
20422
2032102
1002232
100321
33121
3210001
21313
3003100
303202
2000431
1200202
1002001
3020101
1321
2410300
2223100
2001304
23101
3000403
2321200
2022100
3010231
23113
200143
3302110
4021003
3000310
1420030
2230201
2203210
200404
1303210
1021330
3110020
142000
3022021
331201
3102202
103204
2011303
3101320
212200
2130130
320113
22012
4300012
2030302
1403002
132010
3020113
3002104
1220302
1200223
2021020
200101
303121
10030
210310
2320300
4200013
2113003
1230013
2130013
1001023
202102
1033120
102031
102001
3230020
2120023
1303201
2020012
2002321
1000321
3210022
2302012
4033
222040
210304
22120
420301
211300
1013230
1031203
1010323
3310
420103
3012013
3300031
3020002
2132002
4000
1002043
123130
201043
3012400
1023202
1020022
3020110
42010
214
3103300
3004000
343000
304000
303220
2040022
132400
1000003
2230120
2000131
3004120
302014
1300024
2012020
1002223
113203
33040
1332100
3201022
110023
3410200
311200
1130230
2110003
3012001
3100003
1223020
230230
33031
2000440
2000101
1
310012
3103003
2300110
2100010
2022103
3140200
24103
2113
2022010
3401002
400123
1220200
1201033
1022302
1003042
341020
431200
202210
313003
13420
2403010
1032202
244000
211000
14032
2000203
2221030
2302102
102034
2313100
3240010
1302130
234100
4301020
2004400
2000221
3124000
400420
3021301
1001332
3030010
2301220
131032
4001032
1313200
202000
1020031
3040
222130
3012031
3023011
311023
10234
100003
1021303
1030222
3030310
4030201
34000
203113
4202200
430030
301033
2034100
2000314
3201013
420040
204040
201034
3020014
403030
33010
33004
2100232
2120032
302131
2440
1300240
2000122
3201310
3200011
400201
3320110
2302000
2024200
3123100
3043000
3420100
102304
4003030
2331100
30220
222103
321103
121003
3010321
322012
1312
3400300
2301001
220201
4030
4240000
300223
3032011
1023031
232102
3104200
1132003
2030131
201220
1230220
221023
400120
100024
4400002
4100032
2000200
2240002
2020132
3410002
24130
304012
4321000
1032310
3100213
232210
104002
1003300
1020130
1213
2120200
2000401
11002
300214
2330002
4021000
1033300
4000024
2021320
10333
3203101
410302
3040000
2000023
1430200
412003
3020011
4020010
3004030
103213
100123
2401
4040200
4022020
1100233
1013302
231040
200431
113020
341200
3100
3400102
110230
3022012
22123
1020103
143200
310213
2422
3320200
2100403
4230010
2201203
3120004
120220
210223
4030210
200002
120022
3031201
4230001
3000301
32032
2310220
310033
300313
2041003
3131200
22240
331210
301222
1330
3421000
3023110
24301
3001021
1203100
303301
2010013
202402
12403
21040
3302002
1010020
2001340
3001
3402100
412030
133021
230401
2023030
3003103
2020312
1033
4002004
3200410
2140030
3002014
2301031
330121
3010000
333001
313201
3004012
1042
1210003
3104020
211303
40402
3031021
1400203
1202302
1100320
2044000
2003311
23320
1330300
2402200
43120
4200031
2300410
231202
230131
301000
2040310
3100222
133210
220213
1021
4010320
2220310
304102
302104
234010
2300320
103231
3001204
32011
2200030
3002230
3000313
3123001
120004
1000303
102040
200044
1130200
2310103
303130
303022
1034002
131020
223
120202
204400
204301
201040
1320220
303112
1203010
2020240
4002103
1400230
1120303
1220032
2100001
1010233
4220200
3030022
1210300
1030201
32131
2400202
203230
400024
3021001
4201300
2240200
30322
1000213
11203
2400013
3001132
43102
11320
2232010
103300
203302
302221
4130200
3200320
3000001
233200
1322200
2130040
3113020
420004
402103
323011
4222000
2220040
244
2032000
120310
210220
2012320
123103
210103
203221
112
2002
123310
1033003
3003130
313300
2310010
1034200
1022200
30340
2000224
41002
1043002
2020420
1002313
3011230
4231000
1222003
330220
3202300
300013
2041300
2030014
4012003
1040002
3241000
3210220
2233000
2110300
4002310
1302310
1003402
213202
103240
4210003
4102300
1042030
10003
3040012
2410030
422002
231022
220123
4231
3302020
4200040
100030
340120
310021
3212020
222301
3310120
20212
3000022
3110002
200110
10021
3030202
2003023
3340
243010
321310
2200330
1203130
3412000
3302200
2011003
3100132
230140
100312
1030300
2100031
120013
3020410
20044
1203040
430012
101320
4100020
120040
13222
410020
2022202
3002302
223003
1201330
10
2400220
222004
1310200
1202002
3001312
2310100
20320
222031
4102003
1103032
1040032
42400
10321
1310302
1300042
3211003
1030321
3400
340000
2020201
30013
2221
3031300
1400023
402310
4000231
130231
300112
1300330
1200220
1100323
430120
120301
20113
4013020
2030401
430210
4302010
3020320
2403001
2210032
4300300
4000300
3010132
40210
302401
301210
40300
30133
3000322
102403
30301
401230
4202002
1340200
2004220
1000324
400240
40240
20011
301402
3103201
301120
4024
2431
1320040
1302220
3210130
3100204
230122
201232
420022
100423
40222
331102
2130004
1300201
220204
103402
334
3010123
2322010
232003
1042300
112330
2320210
2014000
2023003
330310
1203202
1200022
2302
231031
3010012
2220400
32230
20002
2003104
1001020
1002004
3120400
313210
2020210
1020322
420400
4010020
3000043
202030
1032130
3100210
102133
2200000
2200210
2012230
3041002
4002040
3303001
4020130
212002
1430002
2400103
1103230
1002403
1120000
1323010
2202400
2202040
2001400
3310210
4031020
2203000
2002330
1001320
240001
2300401
13300
2002024
104230
201103
24040
2341
4210030
4012000
2102320
1403020
3200122
21034
1200013
122002
22402
2413000
300202
3010303
2020204
3120100
120232
102043
2033020
233011
3020401
13021
301024
303400
31102
1233010
130402
3032101
432001
3002101
4132000
4000132
10300
3040003
1303102
3230110
13213
3204001
340012
2130001
2011030
1003240
34201
3133000
2200033
2314000
2103310
2003140
3214000
201004
4001203
2222020
223021
2101330
2103022
2000104
3231010
3120220
3010213
2104
3003022
1000033
1033102
1021003
240202
133102
200131
3223000
1300303
3000421
2201302
232120
43021
2300200
2130202
10420
3220003
2302030
4023100
240004
1202320
2200021
22321
10342
220000
1230202
2030410
1030
2000041
3220201
231013
210001
1312030
2012302
3220
2322100
3220210
42130
2102230
121303
3302101
1201000
1432
1213003
3010042
3300013
1300222
3400210
3203110
2140
2013013
1003204
143002
222013
10312
1000402
222202
4020001
1102303
30304
40132
1312300
2004130
420130
220312
4020400
2130220
3231100
213130
212032
400402
342100
220042
3202201
140200
311032
1300420
2003221
1003021
401032
320014
4003000
330301
3103
2001031
2103400
231130
3020221
13321
3004
3020104
2101303
110233
14320
2030023
2222002
2301004
34300
3110023
422200
220021
204100
2130031
2030212
3201220
210331
2430010
103210
342001
40102
40024
4030003
1403200
2330110
312040
2320030
1000333
1304020
1000342
410320
203410
23110
3004021
32221
3130300
1231030
440200
202222
1323001
2312020
2320012
3131020
3100420
301231
31201
1103020
3013210
3021130
3004003
1203004
2032012
133201
201133
102202
442
3020023
3002023
2110303
31000
310231
2201200
2301013
2010223
3000034
1310002
132301
10402
1200034
30022
201223
3001120
2200303
2003230
2202013
42001
1210330
2013103
1020202
333010
2010004
2400100
2200
400042
10423
2321002
231310
321010
4020040
2200213
221203
4012
2030032
1030402
213220
103033
3133
223012
31420
1330102
3024010
3101002
403102
132040
2331001
2200420
2110
3000211
424
1200304
2020213
31222
1102
2220004
2013400
120103
122203
312103
22024
1322020
1030102
3013003
2202031
1022020
320311
4030000
1203031
30232
402022
202240
3310030
2022040
3014002
24010
2300014
1420300
410002
4032010
4000321
2322001
2012203
1030123
3211300
3012100
20143
20311
4030300
3402010
3201100
313021
4002100
1043200
1010200
1030012
3112
4002400
2001223
134020
200134
3003301
4000312
1400032
230032
1200100
1024000
1021033
3022210
320122
31240
1210033
2200321
2013301
1004002
11230
23311
3020140
3300022
2430100
102301
102004
30142
1100023
204103
3023101
312400
31402
3232
410203
21220
12400
3202000
2221300
2130103
422020
3312100
3042010
3011032
1303120
3040102
2404
2040031
213100
334000
2040001
214000
223120
41302
12034
31042
330211
2020120
200212
3300121
1302400
1010002
3202210
1231300
2010040
3130012
3041200
11023
320032
2300101
222022
2200222
3200104
104320
320401
2212003
1320310
2120020
2203120
1032103
43210
1303300
4042000
2320120
30040
2001004
240031
4400200
2320003
2303200
302302
132130
2001331
104020
4002010
2230021
2101000
220024
1030042
402202
102103
12202
4402000
2300203
2400010
1230301
1200031
210133
310120
310042
1300000
2030011
3403
304
3040201
3030211
4003102
2420200
1321003
200302
2011033
1020301
3301201
2320201
10123
3001201
3142
3000100
2113300
3210040
3104002
3021220
10012
31210
4330000
2302120
1020430
2030113
3210013
232021
302212
1310203
2100133
1023001
4000123
31300
4023001
1310230
2220103
314002
4120
1301023
300004
4031002
1030330
2233
401203
10243
1000120
3200140
300241
2311003
13000
2013100
1030132
1000432
2204020
30403
1030120
400021
4000210
131023
20221
1400320
2100043
1004230
101023
3022000
330001
2011330
24031
21400
304300
200341
14200
24022
3001240
1340002
3130021
43201
32041
2024002
3004210
3003001
1320202
210043
200311
32113
4300210
1320400
2101300
2004040
142003
400102
230221
4000021
2131300
1120033
2300041
2004202
2002012
314020
1213030
1312003
2204002
3000220
3213010
3120013
3200113
113230
101323
340003
1332010
2103103
1302010
1040020
20110
3001321
211
121000
121300
122020
1023103
1001200
102010
3030112
1240003
1133200
1303012
300040
2001040
4132
340102
1120003
1300120
1200001
40201
1222
1234000
4003210
3210010
30124
304030
22003
1004200
23011
302122
3310003
2213020
2230012
1003033
2231002
3040120
320041
1032001
3024001
4100200
1200331
34030
1002103
321040
22231
20134
3020200
1204000
1203022
102331
302230
1020331
130
3220030
1320100
100
3013120
4000003
2200231
2010301
2001202
124300
14302
2313001
102313
3200023
1330210
1004032
423100
3002140
2330020
2203021
3400201
102220
102322
4010200
400213
2303110
1002220
1003024
3200203
4300021
1123003
1230310
2040013
132220
22201
3021013
1400002
3211000
2210302
132103
3014200
2212300
130330
1302004
213013
3130030
2023300
2133100
2202220
433
202012
2240020
1023400
40042
21004
2010001
401023
120304
1130203
1023022
3102301
2201320
2003041
312220
400000
33022
204001
34210
402100
130102
120001
4020220
2130010
1300213
1031230
20302
410032
4033000
1020010
1003
2101
2030320
2410003
1003120
12133
3100033
3120202
204220
301132
3000241
3022030
1432000
2020021
1002322
3200230
113002
23140
4040002
43000
3331
20101
302041
2033002
2220001
2022004
4120300
2300032
23200
210031
3012220
1234
1033210
3102010
231103
3013300
230203
3300202
2402002
2013310
2021230
2030110
122230
2304010
202204
311320
3023020
1231003
1220320
1002031
133120
4003120
14230
1030003
2100130
2034001
1002010
322
3021100
13240
10240
1204
3000004
331030
3200014
120340
3011200
4000402
1040320
2010430
2004100
113023
203110
2102023
3103120
1300312
2100004
22033
3120130
243001
323101
31312
304003
203020
1200400
3201400
312010
4103002
2031001
1202200
300403
2023012
21103
2420020
1320010
1204003
4330
210010
130042
30121
1133002
2304001
1003213
3011020
42100
3003031
134002
130024
332101
1304002
1040302
3001123
1423
1030000
3221002
3200311
3012004
310321
302320
210340
110332
101032
2400310
1300321
1001323
420100
402301
102130
3004300
1203310
2200102
120133
204022
421
2420002
201013
20041
3022003
432100
2410000
2310301
4201000
1003312
212302
103132
233020
2120002
1103023
440002
2301130
4303
10222
3001222
331120
1004320
210400
304210
4100023
3010330
100324
303103
212203
4130002
2013202
2001001
3122002
401020
3000133
1302031
1200301
1310023
3401200
400312
130123
23014
3030301
4003012
2430001
431002
201322
33100
1013200
3100321
3310012
22420
4203001
1231000
1200310
32002
10033
3210310
101200
312013
31231
2230030
2110000
1200010
221032
2200300
2232100
4400020
4010023
2223001
1103203
303040
4420000
2203030
3202120
4002001
1020013
202003
2320
3031
420031
123010
320131
3031120
3214
223000
2001043
204310
3012010
1030204
23122
13042
1030303
2220130
303100
3101023
2202202
2202022
4003021
403003
2100013
23302
33211
1232020
3101203
1320103
110203
3031030
3000013
1002340
3132001
4320010
2030230
232030
1303021
30031
3011002
11200
30421
2340010
3112300
33400
2040103
403201
42022
1220230
2202001
1023301
1013002
3201031
2002102
132001
12430
12010
2200201
301102
2210230
224020
131002
4201
220030
302203
2023201
2000143
1000201
2300212
3210103
421300
22021
2030140
1000000
2302300
2003200
2020402
213004
12013
2001430
3222100
200104
310312
403300
43012
2003020
230020
2000044
3231001
3300103
3112000
42220
1330000
3203020
2100304
3220012
213031
210100
230014
210004
3010240
12100
302410
4301002
3300130
2212000
1301032
423001
240310
1342
2001301
2000014
200413
4000201
2031301
32023
2103100
142030
31030
1012
1003030
2330011
1201003
3312010
3000412
3030220
400330
1000021
214030
3110230
401320
321400
1123
4200130
2030203
3310000
4200022
1324000
2002120
311203
133003
330031
312202
2220031
2301100
2310202
34
241030
230320
2000002
2312200
3310021
1302022
2202004
3110200
3230101
2203003
1300300
2003011
242002
204010
20341
3000112
1201300
3102103
3013012
3300220
1220020
31
3130000
330400
10000
3313
40
1342000
3113200
311020
3002203
2031310
1020340
2030311
103012
10120
2011300
2012200
1022032
313120
2020033
3030013
1002400
13312
23020
1100002
2032201
102232
1024030
1003210
113032
3121
430300
1320130
300130
120331
103222
4210
2413
303211
4000042
2123200
1230400
2010313
1010203
121033
3421
3100042
4300003
202330
203002
2004103
1000234
312004
2133010
220012
2230000
230302
301420
1032004
2330200
330202
1020403
300232
3204010
3003220
2223010
2010310
2003320
22213
3030031
1000300
330013
3402001
4003201
2013220
322201
32410
3102130
100213
1030033
2000302
20323
2020030
330100
2003113
230311
4303000
2003002
2401000
310300
1300231
21013
30412
310000
1240000
200203
4030030
2340001
2004001
3021004
324100
332110
2030002
4000213
2232001
2310040
3311020
21232
10132
3103030
2010331
1300204
2014300
3301
3100231
3330001
4001200
2300122
3110203
224002
13120
12313
2100100
1004203
224200
2002222
3103021
130420
104302
310402
12310
2140300
2003401
401002
13210
1032022
2001313
3130003
3003004
1313002
2100022
1023100
3112003
24400
10213
3004102
213400
1001230
3011320
3013030
2202310
221230
213010
1321000
2132020
33301
10210
3241
122200
3013021
22042
2203300
3030040
4000012
2002213
20131
3320002
4002022
1200403
2021200
2013022
2001034
1033000
200032
102400
2201032
2022013
3412
2300002
324001
3304000
2020321
1333
202420
340021
24220
4302100
3202003
1230100
2013031
311302
20413
2301010
1012303
1040200
4222
3003010
4000204
1420003
3020212
1302001
413002
20440
104203
3021010
40231
1331200
2100103
2042200
1032040
220402
202123
1033021
2003212
121330
3201010
23221
240010
24001
32110
2200240
3130102
40420
3103000
1204030
2301301
1000222
202021
1230103
130030
2040010
124003
230212
430102
200422
1220203
2000404
401302
213022
1203301
20200
20032
3200212
100132
42040
1020304
1330021
23023
2022022
310204
2133001
1103002
2010130
2220220
212023
210301
42004
13201
1220002
40330
4
3101032
201304
14020
13024
400300
132202
210322
20014
1320001
3102022
3031102
3400003
2033200
3122020
120100
120322
3311002
2123020
2220013
2000134
3041020
3031210
3000142
320302
2301202
3020311
13231
4213000
410023
200401
20122
4320100
4100002
2104030
303013
1032400
1023310
4123000
4202020
2321020
233002
2002123
2134
1000231
3331000
3202030
220300
400321
10432
2122003
331021
31123
4220020
3300310
2403100
30331
312031
3301021
1001233
210130
323110
1102000
2102200
1000210
21043
3210301
201202
3120301
123001
104032
321202
3301120
4420
1243
3030103
2002300
412000
40012
13102
2103220
2022001
3021022
1031320
4200220
3013000
130303
10330
3043
3121300
3014020
3300400
1213000
220330
2300311
2003410
3210031
203122
44020
31132
2320021
2022400
32020
30400
431020
200140
40213
3400000
4000420
2020300
2440000
1020100
3120001
100222
2221000
1200130
221302
23104
34120
31021
2000233
1001002
231100
2304100
2023120
30313
2230210
1300123
3310201
4204
1032301
140230
321013
11332
3002200
2311300
2313010
1203400
2032210
2033011
2002312
3002401
1402300
1302013
32200
223102
3203200
1300102
2040004
113200
340300
1301302
320203
130012
121
4020100
1223002
320230
2303101
1300402
133
20224
20104
3033010
2004022
2001310
2220301
3221020
3200221
100240
2332000
202
3012103
14203
2310022
3202021
210430
320410
2013001
421030
330103
2300131
1040203
2122300
2010220
1003420
241300
112303
210232
41032
13402
1330201
1103320
2043001
40003
220210
420310
203311
3010210
321220
4013002
1310032
1103200
2300302
33001
2020042
1000
1333000
2113000
2102032
400222
203014
42310
1010332
2030101
204031
30211
1232002
1203001
2100223
2010322
2000410
3032020
300001
3230011
410200
3000202
30103
2004301
103042
200242
3301000
1130302
13033
101002
31213
1031002
2010400
3210004
200440
3001033
3000304
1310320
1203103
2030104
240400
21223
4000330
4001302
2102302
1003222
440020
1003321
3203011
330112
3012301
2122
1022320
413200
2010010
320200
4312
4100203
4001020
301003
2010133
404020
2022031
2000242
131302
3002032
1021000
2030122
10303
2020024
3012202
2000020
330040
103123
323020
2023021
22102
400132
202024
1023040
20023
3310300
2310310
201403
2230300
1330003
100234
102100
101020
321301
2303020
403000
130003
1032220
1002331
212320
203320
2200123
2010232
2131
322000
2311000
230023
2101033
2000413
131230
3040210
430
3020041
21340
1303030
2300230
2000323
1012000
311230
3042100
3303010
2031220
3430
402013
400012
320140
21031
33112
23203
133030
22303
1010230
1000204
4020202
2401030
2213002
30202
3023002
1243000
222001
3002110
3031000
1123000
220
143020
223210
200221
3001024
4200301
300133
22000
3021202
4102000
30034
133300
1322002
1240
1033030
23032
103024
2130301
3210100
324010
2103010
212020
230113
4021300
211330
203200
2010043
120010
1332001
30010
3130
201001
140002
1320031
1100230
2020102
130000
2300011
22204
10201
301123
130213
100102
311002
1024
2143000
1000420
100210
3030001
300304
2001220
3123010
133012
3042001
2222200
2042020
204004
331012
3040030
3003202
1013203
30214
1402030
23230
2004310
310
301042
4200103
2010304
3142000
21130
2140000
2200012
30043
341002
4042
403021
321130
2220202
424000
124000
2303002
3024100
1240030
20020
2002210
213103
133000
1022002
101230
322021
2044
2213200
300310
300142
331003
23002
1000423
4200202
4300102
214300
3001102
401200
320221
31303
3223
2032
200314
1300003
2031103
13030
3211030
120430
2422000
2400004
320023
2104300
300103
32302
122320
301021
2203012
1030312
1020034
403
3420001
21430
4123
3200002
2030200
3003400
2404000
130210
3300100
1200133
2003203
1222300
1002304
4203010
4201003
213301
21403
2122030
1320013
2032021
12322
1301230
21310
4310020
2221003
2002042
221020
3313000
1400020
322003
2002021
110302
3201301
103201
12223
4103020
2431000
2212030
312310
34102
300100
30001
2003110
302140
3000340
300400
2003014
3100402
203212
10042
3322000
4301200
2120302
300034
3102400
130222
3033001
4002031
300022
112003
322120
310132
320212
41203
3301300
330004
2200042
3210202
3202102
41023
3003040
2031400
3022
103
3213001
120223
13204
3000103
330022
1020040
320011
2100340
101332
3011023
12103
2100034
102310
1324
1120330
30223
211030
213040
12022
2001133
2000332
1130020
1030210
100420
20410
4001023
2131003
2310130
3400021
3220021
301240
4020013
43300
30100
3302011
2230003
4100302
22132
4102
1303003
4300
42013
300043
1300021
20332
2030221
3102013
223201
220222
201010
100201
4004020
4002202
2204200
420001
3010024
31024
20401
210022
1202023
3000232
240100
2242
212230
23410
3300004
1024003
1003201
222400
310024
21202
4003
1003012
3001213
300010
210013
3022201
10102
124
3010300
2400400
2012002
3310102
32104
4030021
33013
2023210
2000311
3032200
322030
2200204
103420
4022002
3020203
331300
2103004
1000243
3110032
2021203
2003122
3002113
300124
142
2032030
4023010
102430
4240
121030
304021
2200402
2031022
3031012
32014
4000030
2040100
3120310
201430
203401
4001002
3303100
3311200
40021
31321
4200010
1423000
2202103
423010
1210
1300033
3001003
2401003
2203201
1012300
3013201
3001210
4040020
2000230
1030213
2010031
41200
4204000
4030120
4004200
22300
110323
3011203
3100030
2104003
2002231
211003
230104
203104
321022
2103301
40303
3000010
1321300
1100203
340201
2311
2120230
30130
240130
400033
1301320
1013023
3021040
2104000
3220120
3212002
221200
3010204
41320
24310
300421
1123030
1003132
3102031
400210
220132
3002221
430000
202033
1004023
313
314200
1030030
1032013
3101230
102223
101203
4020301
232000
1130320
2103001
30310
3121003
3220102
3200401
300121
2303011
2010100
130120
4230100
2400022
3122200
1420000
1230130
320020
3222001
301012
420013
4021
232
1000132
110200
201031
24004
2220022
100303
313102
4010002
421003
14023
1132300
131200
340210
4024000
2200132
2002420
123031
201310
3312001
2300140
3140020
3020302
200332
333100
1331020
4020004
1100332
1031020
2010403
1010032
210313
1133020
2101003
2300104
3200101
412300
3003013
2200120
103102
1310020
3200200
3002320
4030012
2310013
1020133
204130
2011
1200040
1001032
132013
210403
101302
2224000
2300221
2023
430201
200011
4000102
2402020
1301203
1023004
230101
1132
412
2020303
103303
4302001
2023000
4012300
1230010
302200
20203
430021
404002
23212
3120040
20314
12040
230410
214003
30112
2302003
4001320
132031
3030004
2201230
1103302
300322
420202
2021002
3240001
3110320
11323
33130
2002201
3021310
3010402
31204
4120003
4310002
3030100
3321100
3003121
3120031
213310
310222
2400130
303010
2203
203041
4000303
1002040
2032003
1043020
23401
12304
21001
32101
3000214
2010022
2003101
102022
23041
4210000
1200232
2012032
203140
3002020
1033201
402220
202312
3213100
123040
2014030
220120
21133
12331
200224
430003
1210303
200230
2100301
1002130
4210300
31033
123013
120043
1030240
2020123
3121030
140203
211033
20404
3320020
210202
1402
124030
241
2000341
202213
2020000
2022220
2323000
1013320
2013010
2013004
2004010
12301
3100300
2102203
3100021
112000
3012040
3002410
301321
2410
3001300
1040230
2002240
1003123
3102004
2200003
3100102
3330100
3030130
3010003
4000240
1010302
3400120
312001
1003330
223300
1204300
2103031
3400012
202120
301312
4220002
1100200
1300
131203
3124
2023102
400030
2041000
104023
40312
300211
1430020
1232200
2120320
1002133
230011
200410
1002013
123022
2131000
1210030
100330
1200043
221002
1400200
103030
102340
42301
4130020
1200004
2022301
3201001
220303
200320
1022203
1012033
1031032
420220
301201
1003003
1132030
2031010
3012310
1301002
240013
23131
3001000
1042000
4012030
2231020
203203
1300210
3102040
2300020
3102310
301330
1023220
2010202
1020004
140023
310210
1312000
1320004
3102001
140032
320110
3030121
3301003
200233
230041
100342
3300001
3101020
33220
110002
