3032000
320030
3230000
3002000
3002303
3002003
233003
330230
330302
2300003
3020000
3030020
3000200
3000302
3230003
2000300
233300
333020
320330
203003
2
3300203
3023000
3020303
320033
230003
2333
3323000
3300002
30230
233
3300302
3023300
2030330
200003
3000323
230000
332000
230033
3300230
330032
303200
300002
30020
3023
2030030
3000020
333200
300323
2330
2033030
2003030
233030
3000032
330020
3323
2303300
3020330
3230
230
3033002
2030003
320303
23303
23003
3033200
2000303
320300
230303
33203
23030
2303
3203
302
3200300
3200003
3003023
300230
300203
30203
20030
303032
32
320003
20330
3200303
3023003
2003033
3000320
330023
203030
32000
30323
30002
3303020
3003203
3000203
20000
2030
3320000
332003
23330
2303003
3003320
3003032
2000333
320000
20300
3020
2330030
2300033
3030002
32030
33032
3302
3020300
3000230
200000
2300030
2033000
3003002
2000003
333002
303320
3200
3002030
300332
200303
300302
2033
3203003
3302003
3020033
33320
3203000
3300020
3200033
302000
2033003
2030300
3230300
2300303
3030302
330200
330203
3233
2330300
330320
300032
2000000
3330200
3030200
3003200
3000233
32303
33302
3200000
3332000
300200
300023
23000
3302000
3032300
203000
23300
30032
2300
3302030
2000033
303302
303020
3332
23
3203300
3002300
323300
200333
200033
23033
2330000
3300200
2003000
332030
30332
3320
323
2003003
300233
32330
30302
3032
3320003
3303002
33023
323030
302300
2300330
3200030
3000002
332300
2003
203
3330002
2000330
3000023
323000
200030
20303
3302300
2030303
3030032
3003302
200300
200330
3030203
3002033
303203
33230
30233
230330
230030
33200
2333000
2003303
330002
300020
332
3200330
2030000
3230030
302303
2003330
320
2300300
3033020
3030320
30320
3330020
3203030
3032030
32300
32003
20333
2000
3300032
3233000
3003020
323003
302330
303002
300320
203303
302030
303023
2300000
230300
3002
3300023
303230
30023
20
3320030
3023030
3003230
233000
3320300
2330003
3303200
3300320
3032003
2030033
203330
302033
200
2303000
2033300
3030230
3000332
2000030
2303030
3030023
3020003
203300
302003
30200
20033
20003
2003300
3002330
203033
33020
32033
3020030
33002
